


                                                                                Greenbook Forecast November 1979


                                                                    1977    1977    1977    1977    1978    1978    1978    1978    1979    1979    1979    1979    1980    1980    1980    1980
                                                                      Q1      Q2      Q3      Q4      Q1      Q2      Q3      Q4      Q1      Q2      Q3      Q4      Q1      Q2      Q3      Q4
                                                                  ------  ------  ------  ------  ------  ------  ------  ------  ------  ------  ------  ------  ------  ------  ------  ------

  Nominal GNP [gnp]                                               1820.2  1876.0  1930.5  1971.3  2011.3  2104.2  2159.6  2235.2  2292.1  2329.8  2391.5  2432.3  2466.0  2506.2  2559.8  2621.9
  Final sales [sf]                                                1800.9  1853.6  1902.9  1952.9  1988.5  2078.4  2139.5  2214.5  2272.9  2296.4  2371.5  2422.3  2463.0  2508.2  2560.3  2620.9
    Private [sfp]                                                 1420.9  1462.0  1502.4  1540.1  1569.1  1650.1  1698.6  1760.7  1812.8  1829.8  1895.3  1927.7  1957.7  1992.4  2033.9  2080.4
      Domestic final purchases [sfpexm]                           1430.1  1468.0  1508.7  1558.2  1591.3  1657.7  1705.4  1765.2  1808.8  1837.9  1900.6  1932.2  1954.3  1982.8  2021.7  2067.1
  Personal consumption expenditures [c]                           1169.1  1190.5  1220.6  1259.7  1287.2  1331.2  1369.3  1415.4  1454.2  1475.9  1528.6  1559.9  1585.9  1616.1  1648.5  1683.8
    Goods [cg]                                                     642.0   651.2   661.9   685.6   691.2   722.1   740.2   770.2   784.9   789.9   816.2   832.1   840.6   852.3   866.1   882.4
    Services [cs]                                                  527.1   539.3   558.7   574.1   596.0   609.1   629.1   645.1   669.3   686.0   712.4   727.8   745.3   763.8   782.4   801.4
  Gross private domestic investment [ii]                           280.4   300.0   315.7   316.9   327.0   352.3   356.2   370.5   373.8   395.4   392.1   382.3   371.4   364.7   372.7   384.3
    Residential structures [icr]                                    81.3    91.4    95.0    99.9   100.5   107.7   110.2   113.7   111.2   112.9   114.9   113.4   107.9   103.4   105.9   111.4
    Business fixed investment [ifixer]                             179.8   186.1   193.2   198.6   203.7   218.8   225.9   236.1   243.4   249.1   257.2   258.9   260.5   263.3   267.3   271.9
    Change in business inventories [cinv]                           19.3    22.5    27.5    18.5    22.8    25.8    20.0    20.6    19.1    33.4    20.0    10.0     3.0    -2.0    -0.5     1.0
      Nonfarm [cinvef]                                              20.1    21.5    25.6    15.7    22.0    25.3    18.5    19.3    18.8    32.6    19.2    10.0     3.0    -2.0    -0.5     1.0
  Net exports [exm]                                                 -9.2    -6.0    -6.3   -18.1   -22.2    -7.6    -6.8    -4.5     4.0    -8.1    -5.3    -4.5     3.4     9.6    12.2    13.3
    Export [ex]                                                    170.5   178.6   180.1   174.2   184.4   205.7   213.8   224.9   238.5   243.7   266.4   275.4   287.6   293.3   298.1   304.8
    Imports [m]                                                    179.8   184.7   186.4   192.3   206.6   213.3   220.6   229.4   234.4   251.9   271.7   279.9   284.3   283.7   285.9   291.5
  Government consumption and investment [gg]                       380.0   391.6   400.5   412.8   419.4   428.3   440.9   453.8   460.1   466.6   476.2   494.6   505.3   515.8   526.4   540.5
    Federal [gf]                                                   138.2   142.6   145.6   151.2   150.9   148.2   152.3   159.0   163.6   161.7   162.5   173.1   176.9   180.4   183.7   190.2
    State and local [gsl]                                          241.8   249.0   254.9   261.6   268.5   280.1   288.6   294.8   296.5   304.9   313.7   321.5   328.4   335.4   342.7   350.3
  Real GNP [gnp72]                                                1315.7  1331.2  1353.9  1361.3  1367.8  1395.2  1407.3  1426.6  1430.6  1422.3  1430.8  1421.2  1407.6  1398.6  1398.5  1401.2
  Nominal personal income [yp]                                    1472.5  1509.0  1548.5  1596.4  1634.8  1689.3  1742.5  1803.1  1852.6  1892.5  1943.4  1992.1  2026.5  2066.4  2120.7  2170.0
    Wage and salary disbursements [wsd]                            945.8   971.8   995.0  1023.4  1052.0  1090.0  1116.8  1154.3  1189.3  1212.4  1237.1  1259.8  1273.7  1291.6  1315.1  1343.9
  Disposable personal income [yd]                                 1250.1  1286.0  1323.2  1361.2  1395.0  1437.3  1476.5  1524.8  1572.2  1601.7  1636.9  1676.6  1709.2  1741.1  1785.7  1824.0
    Saving rate [svpyd]                                              4.2     5.1     5.4     5.1     5.3     5.0     4.8     4.7     5.0     5.4     4.1     4.4     4.6     4.5     5.0     5.0
  Corporate profits, IVA & CCAdj. [zbivca]                         137.1   148.9   160.8   153.0   141.2   169.4   175.2   184.8   178.9   176.6   189.5   181.4   174.4   169.9   172.7   178.3
    Corporate profits before tax [zb]                              168.4   176.2   180.9   183.0   177.5   207.2   212.0   227.4   233.3   227.9   247.9   238.0   227.6   221.6   223.1   228.5
  Federal surplus/deficit [defgf]                                  -37.2   -40.9   -53.6   -53.6   -49.4   -24.6   -20.4   -16.3   -11.7    -7.0    -8.3   -21.8   -31.3   -35.4   -43.1   -42.2
    High employment surplus/deficit [hesurdef]                      -5.5   -12.4   -29.8   -28.3   -20.4    -4.7    -1.0    -0.8     7.9    20.2    19.1    24.6    32.4    43.5    44.1    51.3
  State and local surplus/deficit [defgsl]                          24.2    24.2    30.1    28.8    30.2    29.6    22.7    27.1    27.6    19.7    25.9    22.3    19.7    18.0    16.4    16.1
    Exc. social insurance funds [defsig]                             6.3     5.4    10.0     7.4     7.9     6.5    -0.9     3.3     2.6    -6.3    -1.1    -5.3    -8.5   -10.8   -12.9   -13.8
  Civilian labor force [lc]                                         96.2    97.1    97.6    98.5    99.3   100.1   100.8   101.5   102.5   102.3   103.2   103.8   104.2   104.6   105.0   105.3
  Unemployment rate [ru]                                             7.4     7.2     6.9     6.6     6.2     6.0     6.0     5.8     5.7     5.7     5.8     6.3     7.1     7.9     8.2     8.4
  Nonfarm payroll employment [payrlem]                              80.9    82.0    82.9    83.9    84.8    86.3    86.9    87.8    88.7    89.4    89.8    90.1    89.6    89.1    89.0    89.1
    Manufacturing [payrlemmfg]                                      19.4    19.6    19.8    19.9    20.2    20.4    20.5    20.8    21.0    21.1    21.0    20.8    20.4    20.1    20.0    19.9
  Industrial production index [jrfb]                               134.8   138.0   139.3   140.3   140.8   145.1   147.9   150.7   152.2   151.9   152.2   152.2   150.4   149.2   149.1   149.1
    Capacity utilization rate -- mfg [ucapmfg]                      80.7    82.1    82.4    82.6    82.0    83.9    85.2    86.4    86.7    85.9    85.3    84.1    82.2    80.7    79.9    79.1
      Materials (percent) [jfrbmat]                                 81.7    83.2    82.8    83.0    82.6    85.0    86.4    88.2    88.0    87.3    87.0    87.0    84.5    82.6    81.6    81.0
  Housing starts, private [hs]                                       1.8     1.9     2.0     2.1     1.8     2.1     2.0     2.1     1.6     1.8     1.8     1.5     1.3     1.4     1.5     1.6
  New auto sales [slau]                                             11.1    11.7    10.9    10.8    10.8    12.1    11.2    11.1    11.6    10.7    10.8     9.5     9.5     9.5     9.6     9.6
      Domestic [slauna]                                              9.3     9.3     8.9     8.8     8.8    10.0     9.2     9.1     9.1     8.0     8.5     7.3     7.4     7.6     7.7     7.7
      Foreign [slaufr]                                               1.8     2.4     2.0     2.0     2.0     2.1     2.0     2.0     2.4     2.7     2.3     2.2     2.1     2.0     1.9     1.9

  Real GNP (% change) [q_gnp72]                                      8.9     4.8     7.0     2.2     1.9     8.3     3.5     5.6     1.1    -2.3     2.4    -2.7    -3.8    -2.5     0.0     0.8
  Final sales (% change) [q_sf72]                                    5.5     4.2     6.0     3.9     0.4     8.7     4.6     5.7     1.1    -3.9     4.8    -1.3    -2.8    -1.8    -0.2     0.6
    Private (% change) [q_sfp72]                                     6.2     4.0     6.6     4.4     0.8    10.7     4.4     6.7     1.8    -4.1     6.0    -2.6    -3.6    -2.5    -0.6     0.4
      Domestic final purchases (% change) [q_sfpexn72]               7.2     4.1     5.7     7.4     1.0     7.9     4.1     6.9     0.4    -2.9     3.7    -3.1    -5.1    -3.4    -0.7     0.4
  Personal consumption expenditures (% change) [q_c72]               6.2     1.9     5.0     8.2     0.8     5.6     4.8     6.8     0.6    -2.9     4.3    -2.0    -3.7    -2.1    -0.6     0.0
    Goods (% change) [q_cg72]                                        7.8     1.3     3.6    10.7    -4.7     9.2     4.2     9.9    -4.4    -7.3     3.9    -3.3    -7.1    -4.6    -1.9    -0.9
    Services (% change) [q_cs72]                                     4.4     2.6     6.8     5.3     7.9     1.4     5.5     3.2     7.1     2.5     4.9    -0.5     0.2     0.8     0.9     1.0
  Gross private domestic investment (% change) [q_ii72]             39.6    19.2    15.0    -6.9    12.3    15.7    -5.0     6.6    -0.5     8.5   -12.9   -16.4   -17.3   -13.8     0.2     3.7
    Residential structures (% change) [q_icr72]                     11.1    37.6    10.2     5.3    -4.7    11.0    -4.9    -1.1   -14.3    -7.2    -4.7   -14.5   -26.2   -23.7     0.0    12.3
    Business fixed investment (% change) [q_ifixer72]               12.6     6.8     7.8     2.7     4.6    23.2     3.9    11.3     4.8    -0.8     3.6    -5.5    -5.7    -3.8    -1.8    -1.1
  Government consumption and investment (% change) [q_gg72]          2.8     4.8     4.2     1.8    -1.2     0.9     5.0     1.8    -1.8    -3.3     0.2     4.4     0.4     0.7     1.3     1.3
    Federal (% change) [q_gf72]                                      5.4     7.9     6.2    -0.1    -7.4   -12.3     8.2     3.2     7.2   -11.3    -2.0    10.4     1.3     1.4     1.5     1.2
    State and local (% change) [q_gsl72]                             1.3     3.0     3.0     3.0     2.7     9.3     3.3     1.0    -6.6     1.6     1.5     1.1     0.0     0.4     1.1     1.4
  Real Disposable personal income (% change) [q_yd72]                2.1     6.1     5.6     6.6     2.0     4.0     4.2     6.4     2.1    -1.4    -1.1    -0.6    -2.6    -2.2     1.6     0.0

  Nominal GNP (% change) [q_gnp]                                    15.4    12.8    12.1     8.7     8.4    19.8    10.9    14.8    10.6     6.7    11.0     7.0     5.7     6.7     8.8    10.1
  Final sales (% change) [q_sf]                                     11.0    12.2    11.1    10.9     7.5    19.3    12.3    14.8    11.0     4.2    13.8     8.8     6.9     7.6     8.6     9.8
    Private (% change) [q_sfp]                                      11.0    12.1    11.5    10.4     7.7    22.3    12.3    15.4    12.4     3.8    15.1     7.0     6.4     7.3     8.6     9.5
      Domestic final purchases (% change) [q_sfpexn]                15.0    11.0    11.6    13.8     8.8    17.8    12.0    14.8    10.3     6.6    14.4     6.8     4.7     6.0     8.1     9.3
  Personal consumption expenditures (% change) [q_c]                13.8     7.5    10.5    13.5     9.0    14.4    11.9    14.2    11.4     6.1    15.1     8.4     6.8     7.8     8.3     8.8
    Goods (% change) [q_CG]                                         14.2     5.9     6.7    15.1     3.3    19.1    10.4    17.2     7.9     2.6    14.0     8.0     4.1     5.7     6.6     7.7
    Services (% change) [q_cs]                                      13.2     9.6    15.2    11.6    16.1     9.1    13.8    10.6    15.8    10.4    16.3     8.9    10.0    10.3    10.1    10.1
  Gross private domestic investment (% change) [q_ii]               56.5    31.0    22.7     1.6    13.3    34.8     4.5    17.1     3.6    25.2    -3.3    -9.6   -10.9    -7.0     9.1    13.0
    Residential structures (% change) [q_icr]                       25.7    59.1    16.8    22.3     2.4    32.0     9.5    13.5    -8.5     6.1     7.5    -5.1   -18.0   -15.7    10.0    22.4
    Business fixed investment (% change) [q_ifix]                   18.8    15.0    16.1    11.6    10.6    33.3    13.7    19.3    12.9     9.6    13.7     2.7     2.5     4.4     6.2     7.1
  Government consumption and investment (% change) [q_gg]           10.9    12.8     9.4    12.9     6.5     8.8    12.3    12.2     5.6     5.8     8.5    16.4     8.9     8.6     8.5    11.2
    Federal (% change) [q_gf]                                       11.0    13.3     8.7    16.5    -0.9    -7.0    11.7    18.7    12.1    -4.6     1.9    28.8     9.1     8.2     7.5    14.9
    State and local (% change) [q_gsl]                              10.8    12.5     9.8    10.8    11.1    18.5    12.6     8.9     2.3    11.9    12.1    10.3     8.9     8.8     9.0     9.2
  Disposable personal income (% change) [q_yd]                       9.3    12.0    12.1    12.0    10.3    12.7    11.4    13.8    13.0     7.7     9.1    10.1     8.0     7.7    10.6     8.9
  Nominal personal income (% change) [q_yp]                         11.8    10.3    10.9    13.0    10.0    14.0    13.2    14.7    11.4     8.9    11.2    10.4     7.1     8.1    10.9     9.6
    Wage and salary disbursements (% change) [q_wsd]                11.4    11.5     9.9    11.9    11.7    15.3    10.2    14.1    12.7     8.0     8.4     7.5     4.5     5.7     7.5     9.1
  Corporate profits, IVA & CCAdj. (% change) [q_zbivca]             46.6    39.1    36.0   -18.0   -27.5   107.2    14.4    23.8   -12.2    -5.0    32.6   -16.0   -14.6    -9.9     6.8    13.6
    Corporate profits before tax (% change) [q_zb]                  35.4    19.9    11.1     4.7   -11.5    85.7     9.6    32.4    10.8    -8.9    40.2   -15.1   -16.3   -10.2     2.8    10.0
  Nonfarm payroll employment (% change) [q_payrlem]                  4.0     5.7     4.6     4.6     4.6     7.1     2.8     4.4     4.3     2.9     1.9     1.2    -2.1    -2.0    -0.5     0.3
    Manufacturing (% change) [q_payrlemmfg]                          4.9     6.3     2.8     3.3     5.8     3.8     1.3     5.5     5.0     0.8    -1.2    -3.2    -7.7    -5.8    -1.9    -1.5
  Nonfarm business sector
    Output per hour (% change) [q_opm]                               5.1    -1.8     3.1    -1.5    -0.9     1.9     2.7     0.8    -3.2    -4.1     0.2    -0.9     0.0     0.4     1.0     0.9
    Compensation per hour (% change) [q_comphr]                      8.7     6.4     7.7     7.0    11.4     7.5     8.8     8.8    10.4     7.9     8.2     9.3    10.6     9.6     9.7     9.4
    Unit labor costs (% change) [q_ulcnf]                            3.4     8.4     4.5     8.6    12.4     5.4     6.0     8.0    14.0    12.5     7.9    10.3    10.6     9.2     8.7     8.4
  GNP implicit deflator (% change) [q_pgnp]                          6.0     7.7     4.8     6.4     6.3    10.6     7.2     8.7     9.3     9.3     8.4     9.9     9.8     9.4     8.9     9.2
  Gross business product f-w price index (% change) [q_pxbus_fw]     6.9     7.1     5.2     6.5     6.6    10.5     8.8     8.7    10.0    10.1    10.0    10.0    10.2    10.1     9.0     8.9
  Consumer price index (all urban) (% change) [q_cpi]                8.1     8.1     5.2     5.4     7.8    10.2     8.8     9.1    11.1    13.6    12.9    13.0    13.8    10.1     9.0     9.0
  Industrial production (% change) [q_jrfb]                          7.1     9.8     3.8     2.9     1.4    12.8     7.9     7.8     4.0    -0.8     0.8     0.0    -4.7    -3.1    -0.3     0.1









                                                             Append the string '_1979_11_14' to [mnemonic] to create variable names


