


                                                                              Greenbook Forecast January 1984


                                                               1982    1982    1982    1982    1983    1983    1983    1983    1984    1984    1984    1984    1985    1985    1985    1985
                                                                 Q1      Q2      Q3      Q4      Q1      Q2      Q3      Q4      Q1      Q2      Q3      Q4      Q1      Q2      Q3      Q4
                                                             ------  ------  ------  ------  ------  ------  ------  ------  ------  ------  ------  ------  ------  ------  ------  ------

  Nominal GNP [gnp]                                          3021.4  3070.2  3090.7  3109.6  3171.5  3272.0  3362.2  3432.0  3515.7  3590.4  3666.9  3742.9  3822.9  3901.0  3980.5  4061.2
  Final sales [sf]                                           3047.1  3081.4  3095.6  3165.9  3210.9  3286.6  3353.7  3414.3  3471.2  3560.4  3636.9  3712.4  3791.9  3869.5  3949.0  4029.2
    Private [sfp]                                            2417.3  2449.8  2439.9  2486.2  2533.5  2603.2  2655.4  2712.6  2767.6  2820.2  2873.9  2931.3  2991.4  3052.3  3114.6  3177.3
      Domestic final purchases [sfpexm]                      2387.4  2416.5  2439.0  2480.6  2516.5  2611.7  2673.7  2745.2  2808.9  2872.9  2934.4  2995.9  3056.6  3117.9  3179.4  3240.4
  Perpsonal consumption expenditures [c]                     1938.9  1972.8  2008.8  2046.9  2073.0  2147.0  2181.1  2233.1  2282.3  2331.0  2378.7  2426.2  2472.4  2520.2  2567.5  2615.7
    Goods [cg]                                                989.1   997.6  1010.0  1025.1  1035.6  1077.3  1097.6  1121.1  1144.3  1167.0  1188.7  1210.2  1229.2  1249.7  1270.2  1290.2
    Services [cs]                                             949.7   975.2   998.9  1021.8  1037.4  1069.7  1083.5  1112.0  1138.0  1164.0  1190.0  1216.0  1243.2  1270.5  1297.3  1325.5
  Gross private domestic investment [ii]                      422.9   432.5   425.3   377.4   404.1   450.1   501.1   529.8   571.1   571.9   585.7   600.2   615.2   629.2   643.4   656.7
    Residential structures [icr]                               87.3    91.0    87.9    96.8   111.3   128.4   141.5   140.8   143.0   146.1   147.5   148.5   150.5   152.2   154.4   156.1
    Business fixed investment [ifixer]                        361.3   352.7   342.3   337.0   332.1   336.3   351.0   371.2   383.6   395.8   408.2   421.2   433.7   445.5   457.5   468.6
    Change in business inventories [cinv]                     -25.7   -11.2    -4.9   -56.4   -39.4   -14.5     8.5    17.7    44.5    30.0    30.0    30.5    31.0    31.5    31.5    32.0
      Nonfarm [cinvef]                                        -27.6    -8.8    -2.3   -53.7   -39.0   -10.3    18.4    26.0    36.5    26.0    26.0    28.5    31.0    31.5    31.5    32.0
  Net exports [exm]                                            29.9    33.3     0.9     5.6    17.0    -8.5   -18.3   -32.6   -41.3   -52.7   -60.5   -64.6   -65.2   -65.6   -64.8   -63.1
    Export [ex]                                               358.4   364.5   346.0   321.6   326.9   327.1   341.1   348.1   353.9   360.6   369.7   380.2   394.4   409.4   425.7   443.3
    Imports [m]                                               328.5   331.2   345.0   316.1   309.9   335.6   359.4   380.7   395.2   413.3   430.2   444.8   459.6   475.0   490.5   506.4
  Government consumption and investment [gg]                  629.8   631.6   655.7   679.7   677.4   683.4   698.3   701.7   703.6   740.2   763.0   781.1   800.5   817.2   834.4   851.9
    Federal [gf]                                              249.7   244.1   261.7   279.2   273.5   273.7   278.1   275.6   268.1   295.9   309.8   318.8   329.0   336.3   344.3   352.4
    State and local [gsl]                                     380.0   387.5   394.0   400.5   404.0   409.7   420.2   426.1   435.5   444.3   453.2   462.3   471.5   480.9   490.1   499.5
  Real GNP [gnp72]                                           1485.8  1489.3  1485.7  1480.7  1490.1  1525.1  1553.4  1570.5  1588.5  1605.9  1622.8  1637.9  1651.5  1665.2  1678.1  1690.4
  Nominal personal income [yp]                               2528.1  2563.2  2591.3  2632.0  2657.7  2713.6  2761.9  2834.2  2916.4  2960.5  3025.4  3087.2  3155.7  3219.8  3282.9  3346.4
    Wage and salary disbursements [wsd]                      1542.8  1563.8  1579.8  1586.0  1610.7  1648.4  1681.9  1716.7  1756.2  1791.9  1829.1  1866.6  1907.3  1946.1  1985.1  2024.2
  Disposable personal income [yd]                            2127.9  2159.0  2191.5  2227.8  2255.9  2301.0  2361.7  2423.6  2490.4  2528.8  2582.6  2634.1  2692.1  2744.1  2795.2  2846.4
    Saving rate [svpyd]                                         6.1     5.9     5.6     5.4     5.4     4.0     4.9     5.1     5.6     5.1     5.1     5.1     5.4     5.4     5.4     5.3
  Corporate profits, IVA & CCAdj. [zbivca]                    162.0   166.8   168.5   161.9   181.8   218.2   248.4   256.8   258.3   265.1   266.4   270.6   271.1   278.3   287.0   297.3
    Corporate profits before tax [zb]                         173.2   178.8   177.3   167.5   169.7   203.3   229.1   219.1   218.3   222.1   218.9   218.6   215.6   219.3   225.5   232.8
  Federal surplus/deficit [defgf]                            -108.5  -113.2  -158.3  -208.2  -183.3  -166.1  -187.3  -195.0  -185.1  -192.0  -195.9  -197.5  -198.9  -199.3  -198.1  -197.3
    High employment surplus/deficit [hesurdef]                -38.1   -32.7   -64.9   -99.7   -72.3   -65.1  -102.1  -116.7  -111.8  -124.4  -133.5  -138.4  -141.5  -143.5  -143.6  -143.0
  State and local surplus/deficit [defgsl]                     28.8    32.0    31.3    32.9    40.4    51.7    55.5    56.4    60.6    59.6    58.1    57.2    55.7    54.4    52.7    51.3
    Exc. social insurance funds [defsig]                       -3.5    -0.8    -2.1    -1.2     5.5    16.1    18.9    19.1    22.2    20.7    18.5    16.9    14.8    12.9    10.6     8.5
  Civilian labor force [lc]                                   109.4   110.2   110.5   110.8   110.7   111.3   112.1   112.0   112.4   113.0   113.5   114.0   114.6   115.0   115.5   116.0
  Unemployment rate [ru]                                        8.8     9.4    10.0    10.6    10.4    10.1     9.4     8.5     8.0     7.8     7.6     7.5     7.4     7.3     7.1     7.0
  Nonfarm payroll employment [payrlem]                         90.3    89.9    89.3    88.8    88.8    89.5    90.3    91.4    92.2    92.9    93.7    94.4    95.1    95.8    96.4    97.1
    Manufacturing [payrlemmfg]                                 19.4    19.1    18.7    18.3    18.3    18.5    18.8    19.2    19.5    19.8    20.1    20.3    20.5    20.6    20.7    20.7
  Industrial production index [jrfb]                          141.7   139.4   138.2   135.2   138.5   144.5   151.8   156.0   158.5   160.9   163.1   165.0   166.4   167.6   168.8   169.9
    Capacity utilization rate -- mfg [ucapmfg]                 72.9    71.6    71.1    69.0    70.7    73.9    77.4    79.2    80.1    80.9    81.7    82.3    82.6    82.8    82.9    83.0
      Materials (percent) [jfrbmat]                            73.0    70.7    69.4    67.2    70.1    73.5    77.5    79.8    81.1    82.2    83.4    84.2    84.6    84.9    85.2    85.3
  Housing starts, private [hs]                                  0.9     1.0     1.1     1.3     1.7     1.7     1.8     1.7     1.7     1.7     1.7     1.7     1.7     1.6     1.6     1.6
  New auto sales [slau]                                         8.1     7.5     7.8     8.6     8.5     9.1     9.2     9.9    10.0    10.3    10.5    10.6    10.6    10.7    10.9    10.9
      Domestic [slauna]                                         5.9     5.5     5.6     6.1     6.1     6.8     6.9     7.3     7.7     7.8     7.9     8.0     8.1     8.2     8.2     8.2
      Foreign [slaufr]                                          2.2     2.0     2.2     2.5     2.4     2.3     2.3     2.7     2.3     2.5     2.6     2.6     2.5     2.6     2.7     2.7

  Real GNP (% change) [q_gnp72]                                -5.5     1.0    -1.0    -1.3     2.6     9.7     7.6     4.5     4.7     4.4     4.3     3.8     3.4     3.4     3.1     2.9
  Final sales (% change) [q_sf72]                              -1.3    -0.8    -1.5     4.5     0.6     6.8     5.1     3.5     1.2     6.4     4.4     3.8     3.4     3.4     3.2     3.0
    Private (% change) [q_sfp72]                               -1.6     0.1    -4.0     3.0     3.0     8.8     5.3     5.0     3.6     3.6     3.5     3.6     3.5     3.4     3.2     2.9
      Domestic final purchases (% change) [q_sfpexn72]          0.0     0.8    -0.9     3.4     3.9    11.9     5.7     8.0     4.9     4.4     3.3     3.2     3.2     3.1     2.8     2.4
  Personal consumption expenditures (% change) [q_c72]          2.4     3.1     0.9     3.6     2.9    10.0     2.2     6.5     3.9     3.4     2.6     2.5     2.5     2.7     2.3     2.2
    Goods (% change) [q_cg72]                                   2.0     1.5    -0.1     5.1     4.4    13.5     3.7     8.4     3.9     3.6     2.4     2.4     1.9     2.3     2.2     2.0
    Services (% change) [q_cs72]                                2.9     4.7     2.1     1.9     1.4     6.4     0.6     4.5     4.0     3.3     2.8     2.7     3.2     3.0     2.4     2.4
  Gross private domestic investment (% change) [q_ii72]       -34.1     3.4    -5.8   -34.6    28.6    49.8    45.1    22.0    35.1    -3.0     6.1     5.9     5.8     4.8     4.4     3.3
    Residential structures (% change) [q_icr72]               -28.5    17.9   -13.0    53.2    57.3    79.5    35.9    -5.2     1.7     4.1    -1.1    -2.3     0.2    -0.7     0.4    -1.2
    Business fixed investment (% change) [q_ifixer72]          -5.9   -14.3    -8.8    -6.6    -1.5     7.9    18.7    22.3    12.1    10.1     9.2     8.9     7.9     6.6     6.2     4.7
  Government consumption and investment (% change) [q_gg72]    -0.2    -5.0     9.4    10.6    -8.8    -1.1     4.4    -2.7    -8.8    19.5     8.3     4.8     3.2     3.2     3.3     3.3
    Federal (% change) [q_gf72]                                 0.2   -14.0    26.3    28.3   -18.0    -2.8     4.6    -6.8   -24.7    51.9    17.2     8.1     4.4     4.4     4.9     4.9
      National defense (% change) [q_gfdef72]                  -1.3    13.0    14.0     5.1     6.5     7.4     0.0     6.9    10.3     9.7     8.6     6.4     5.7     5.5     6.5     6.3
    State and local (% change) [q_gsl72]                       -0.5     1.3    -0.4    -0.1    -1.8     0.0     4.3     0.1     3.0     2.4     2.5     2.4     2.4     2.4     2.2     2.2
  Real Disposable personal income (% change) [q_yd72]          -3.4     1.9    -0.3     2.6     2.9     3.5     6.5     7.5     6.2     1.0     2.9     2.5     3.7     2.6     2.2     2.0

  Nominal GNP (% change) [q_gnp]                               -1.4     6.6     2.7     2.5     8.2    13.3    11.5     8.6    10.1     8.8     8.8     8.6     8.8     8.4     8.4     8.4
  Final sales (% change) [q_sf]                                 3.9     4.6     1.9     9.4     5.8     9.8     8.4     7.4     6.8    10.7     8.9     8.6     8.8     8.4     8.5     8.4
    Private (% change) [q_sfp]                                  3.8     5.5    -1.6     7.8     7.8    11.5     8.3     8.9     8.4     7.8     7.8     8.2     8.5     8.4     8.4     8.3
      Domestic final purchases (% change) [q_sfpexn]            3.7     5.0     3.8     7.0     5.9    16.0     9.8    11.1     9.6     9.4     8.8     8.7     8.4     8.3     8.1     7.9
  Personal consumption expenditures (% change) [q_c]            7.5     7.2     7.5     7.8     5.2    15.1     6.5     9.9     9.1     8.8     8.4     8.2     7.8     8.0     7.7     7.7
    Goods (% change) [q_CG]                                     4.4     3.5     5.1     6.1     4.2    17.1     7.8     8.8     8.5     8.2     7.6     7.4     6.4     6.8     6.7     6.4
    Services (% change) [q_cs]                                 10.8    11.2    10.1     9.5     6.3    13.0     5.3    10.9     9.7     9.5     9.2     9.0     9.3     9.1     8.7     9.0
  Gross private domestic investment (% change) [q_ii]         -37.8     9.5    -6.5   -38.0    31.5    53.9    53.6    25.0    35.0     0.6    10.0    10.3    10.4     9.4     9.3     8.5
    Residential structures (% change) [q_icr]                 -26.5    18.2   -13.0    46.9    75.3    76.7    47.5    -1.8     6.3     9.0     3.9     2.7     5.5     4.6     5.9     4.5
    Business fixed investment (% change) [q_ifix]              -6.7    -9.1   -11.3    -6.0    -5.7     5.1    18.8    25.1    14.0    13.3    13.1    13.4    12.4    11.3    11.2    10.1
  Government consumption and investment (% change) [q_gg]       4.6     1.2    16.1    15.5    -1.3     3.6     9.0     2.0     1.1    22.5    12.9     9.8    10.3     8.6     8.7     8.7
    Federal (% change) [q_gf]                                   2.1    -8.7    32.1    29.5    -8.0     0.3     6.6    -3.6   -10.4    48.4    20.2    12.1    13.4     9.2     9.9     9.7
      National defense (% change) [q_gfdef]                     3.5    18.0    20.8    16.5     7.8    10.7     3.6    10.4    20.4    14.6    14.1    11.6    14.7    10.7    12.1    11.7
    State and local (% change) [q_gsl]                          6.2     8.1     6.8     6.8     3.5     5.8    10.7     5.7     9.1     8.3     8.3     8.3     8.2     8.2     7.9     7.9
  Disposable personal income (% change) [q_yd]                  1.4     6.0     6.1     6.8     5.1     8.2    11.0    10.9    11.5     6.3     8.8     8.2     9.1     8.0     7.7     7.5
  Nominal personal income (% change) [q_yp]                     1.8     5.7     4.5     6.4     4.0     8.7     7.3    10.9    12.1     6.2     9.1     8.4     9.2     8.4     8.1     8.0
    Wage and salary disbursements (% change) [q_wsd]            3.2     5.6     4.2     1.6     6.4     9.7     8.4     8.5     9.5     8.4     8.6     8.5     9.0     8.4     8.3     8.1
  Corporate profits, IVA & CCAdj. (% change) [q_zbivca]       -49.3    12.4     4.1   -14.8    59.0   107.5    68.0    14.2     2.2    10.9     2.0     6.4     0.8    11.0    13.1    15.2
    Corporate profits before tax (% change) [q_zb]            -59.6    13.6    -3.3   -20.3     5.4   106.0    61.3   -16.3    -1.5     7.1    -5.6    -0.6    -5.3     6.9    11.8    13.6
  Nonfarm payroll employment (% change) [q_payrlem]            -3.0    -1.8    -2.7    -2.3     0.1     2.9     3.6     5.1     3.7     3.1     3.2     3.2     3.0     2.9     2.7     2.6
    Manufacturing (% change) [q_payrlemmfg]                    -9.5    -7.5    -7.7    -8.6    -0.1     5.2     7.0     8.2     7.6     6.5     5.5     4.4     3.2     2.2     1.4     0.9
  Nonfarm business sector
    Output per hour (% change) [q_opm]                          0.1    -0.4     2.3     1.3     3.7     6.6     3.1     0.4     1.1     1.5     1.1     0.8     0.5     0.7     0.8     0.8
    Compensation per hour (% change) [q_comphr]                10.0     5.8     7.2     5.8     6.8     4.3     4.2     4.2     7.1     5.3     5.4     5.5     6.1     5.7     5.9     6.0
    Unit labor costs (% change) [q_ulcnf]                       9.9     6.2     4.7     4.4     3.0    -2.1     1.1     3.7     5.9     3.8     4.2     4.7     5.5     5.0     5.1     5.2
  GNP implicit deflator (% change) [q_pgnp]                     4.3     5.6     3.7     3.8     5.5     3.3     3.6     3.9     5.2     4.1     4.3     4.6     5.3     4.9     5.1     5.3
  Gross domestic business product
    fixed-weighted price index (% change) [q_pxbus_fw]          4.9     4.5     5.8     3.8     3.6     4.1     4.7     4.5     4.8     4.8     4.8     4.9     5.0     5.2     5.3     5.4
    Excluding food and energy [xfe]                             5.8     6.4     5.4     3.9     6.7     3.5     5.6     5.0     4.6     4.9     4.6     4.8     5.2     5.3     5.6     5.9
  Consumer price index (all urban) (% change) [q_cpi]           3.0     5.3     7.7     1.9    -0.4     4.3     4.7     4.9     4.9     5.1     5.3     5.3     5.2     5.2     5.3     5.4
  Industrial production (% change) [q_jrfb]                   -11.8    -6.5    -3.4    -8.2    10.1    18.4    21.8    11.7     6.6     6.2     5.6     4.7     3.4     2.9     2.9     2.6









                                                          Append the string '_1984_01_25' to [mnemonic] to create variable names


