


                                                                                               Greenbook Forecast March 1991


                                                               1988    1988    1988    1988    1989    1989    1989    1989    1990    1990    1990    1990    1991    1991    1991    1991    1992    1992    1992    1992
                                                                 Q1      Q2      Q3      Q4      Q1      Q2      Q3      Q4      Q1      Q2      Q3      Q4      Q1      Q2      Q3      Q4      Q1      Q2      Q3      Q4
                                                             ------  ------  ------  ------  ------  ------  ------  ------  ------  ------  ------  ------  ------  ------  ------  ------  ------  ------  ------  ------

Expenditures
  Nominal GNP [gnp]                                          4735.8  4831.4  4917.9  5009.8  5101.3  5174.0  5238.6  5289.3  5375.4  5443.3  5514.6  5521.3  5550.2  5628.2  5731.7  5832.1  5927.8  6014.3  6096.5  6178.9
  Real GNP [gnp82]                                           3970.2  4005.8  4032.1  4059.3  4095.7  4112.2  4129.7  4133.2  4150.6  4155.1  4170.0  4149.5  4124.6  4144.5  4184.5  4223.7  4255.5  4285.6  4313.6  4341.6
  Real GNP (% change) [q_gnp82]                                 5.1     3.6     2.7     2.7     3.6     1.6     1.7     0.3     1.7     0.4     1.4    -2.0    -2.4     1.9     3.9     3.8     3.0     2.9     2.6     2.6
  Gross domestic purchases (% change) [q_gnpexm82]              1.6     3.0     3.2     2.4     1.2     1.8     2.8    -1.2     0.5     1.3     1.6    -4.5    -3.8     2.0     3.9     3.9     2.8     2.6     2.5     2.5
  Final sales (% change) [q_sf82]                               7.1     5.1     1.1     4.6     2.4     1.7     1.8     0.9     3.8    -0.7     1.9     0.6    -2.4     2.0     2.1     2.0     2.5     2.6     2.6     2.4
  Private domestic final purchases (% change) [q_sfpexm82]      6.7     4.8     3.0     1.7     0.8     1.4     4.1    -1.5     2.4    -1.2     2.3    -3.5    -5.4     2.7     3.0     2.8     3.0     3.1     3.2     3.2
  Personal consumption expenditures (% change) [q_c82]          6.9     2.7     3.5     3.5    -0.3     1.3     4.6    -0.8     1.1     0.2     2.7    -2.9    -3.5     3.6     3.0     2.6     2.6     2.6     2.5     2.5
    Durables (% change) [q_cdtot82]                            21.8     3.7    -1.1    14.1    -6.0     5.6     9.6   -13.0    14.4    -9.5     2.6   -10.7   -14.7     9.6     5.9     3.0     3.2     2.5     2.6     2.5
    Nondurables (% change) [q_cn82]                             2.6     2.0     4.1     1.2     0.6    -1.7     3.9    -0.2    -3.2    -1.9     2.3    -5.9    -5.5     2.3     1.8     1.6     1.6     1.8     1.8     1.8
    Services (% change) [q_cs82]                                5.6     2.9     4.5     1.9     0.9     2.1     3.5     3.1     0.1     5.1     3.0     1.8     1.6     2.7     2.9     3.2     3.1     3.1     3.0     3.0
  Business fixed investment (% change) [q_ifixer82]            11.4    15.7     1.6    -6.3     8.9     6.9     6.3    -3.8     5.0    -4.7     8.9    -1.3   -10.5    -1.4     1.3     1.9     3.1     4.3     5.2     5.5
    Producers' durable equipment (% change) [q_ipde82]         20.3    17.9     2.2    -5.5     9.5    12.2     6.1    -5.2     5.7    -3.3    10.2     4.2   -10.8     0.6     3.9     4.6     6.0     7.2     8.0     8.0
    Nonresidential structures (% change) [q_icer82]           -10.5     9.9    -0.3    -8.7     7.5    -8.2     7.1     1.3     2.3    -9.0     5.1   -17.9    -9.3    -8.3    -7.4    -7.4    -7.1    -6.2    -5.3    -4.5
  Residential structures (% change) [q_icr82]                  -6.8     6.8     0.4    -0.4    -3.6   -11.3    -7.6    -5.5    15.1   -11.2   -19.8   -18.5   -19.1     0.6    10.3     8.5     8.9     7.4     8.1     7.0
  Export (% change) [q_ex82]                                   31.7     4.4     5.4    16.7    15.8    12.4    -0.5    13.5    11.2    -5.0     6.9     7.1    -3.5     7.7     7.3     8.6     8.9     8.0     7.7     7.7
  Imports (% change) [q_m82]                                    0.5     0.3     9.2    12.4    -2.3    12.8     6.4     1.7     2.5     0.7     7.6    -9.7   -12.2     7.7     7.4     9.0     7.0     6.1     6.7     7.1
  Government consumption and investment (% change) [q_gg82]    -9.2     3.3    -3.8    15.7    -3.3     4.0    -2.4     3.0     2.9     6.2     1.2     4.2     2.7    -0.6    -1.7    -1.0    -0.7    -0.9    -0.7    -1.1
    Federal (% change) [q_gf82]                               -24.1     3.5   -10.4    33.6    -9.1     7.0    -7.9    -0.4     0.4    16.4     0.1     2.8     9.2    -0.6    -3.9    -3.6    -3.1    -4.1    -3.9    -5.3
      Defense (% change) [q_gfdef82]                           -5.6    -1.4    -5.0     4.9   -10.9     3.2     7.2    -7.0    -1.7     3.3     2.7     8.3    11.4    -4.6    -7.4    -5.7    -5.6    -6.6    -6.5    -8.3
    State and local (% change) [q_gsl82]                        3.9     3.2     1.2     4.3     1.3     1.8     1.8     5.6     4.8    -0.6     2.0     5.3    -1.8    -0.6    -0.1     0.9     1.1     1.5     1.7     1.8
  Change in business inventories [cinv82]                      31.0    16.9    32.6    14.0    26.1    25.5    24.6    18.9    -2.2     9.5     4.7   -22.2   -21.9   -22.7    -4.0    14.6    20.0    23.0    23.5    25.5
    Nonfarm [cinvef82]                                         28.8    19.2    31.0    27.2    16.4    21.5    21.7    15.3    -8.2    11.6     4.7   -24.0   -22.1   -23.6    -6.0    12.3    18.1    21.0    21.5    23.5
  Net exports [ex82m82]                                       -77.3   -72.2   -78.5   -75.7   -51.1   -53.3   -64.1   -47.9   -35.4   -44.6   -46.5   -18.5    -3.1    -3.2    -3.4    -4.0    -1.1     1.9     3.6     4.7
  Nominal GNP (% change) [q_gnp]                                7.8     8.3     7.4     7.7     7.5     5.8     5.1     3.9     6.7     5.1     5.3     0.5     2.1     5.7     7.6     7.2     6.7     6.0     5.6     5.5
Employment and Production
  Nonfarm payroll employment [payrlem]                        104.3   105.1   105.9   106.8   107.6   108.2   108.7   109.2   109.9   110.5   110.7   110.2   109.6   109.4   110.1   110.8   111.3   111.7   112.2   112.7
  Unemployment rate [ru]                                        5.7     5.5     5.5     5.3     5.2     5.3     5.3     5.3     5.3     5.3     5.6     5.9     6.5     6.8     6.5     6.3     6.2     6.2     6.1     6.0
  Industrial production index (% change) [q_jrfb]               5.0     4.2     5.9     2.8     2.7     2.8    -1.2     0.2     0.6     4.2     3.9    -7.1    -9.2     1.9     7.0     6.5     4.5     4.2     3.9     3.9
  Capacity utilization rate -- mfg [ucapmfg]                   83.1    83.6    84.3    84.6    84.7    84.5    83.7    82.9    82.7    82.8    82.9    80.8    78.1    77.9    78.7    79.3    79.6    79.8    80.0    80.1
  Housing starts [hs]                                           1.4     1.5     1.5     1.6     1.5     1.4     1.4     1.4     1.4     1.2     1.1     1.0     1.0     1.0     1.1     1.1     1.2     1.2     1.2     1.2
  Auto sales in U.S. [slau]                                    10.9    10.7    10.2    10.9    10.0    10.3    10.2     9.1    10.0     9.5     9.7     9.0     8.1     8.7     9.1     9.3     9.4     9.5     9.5     9.6
      Domestic [slauna]                                         7.6     7.5     7.2     7.9     7.1     7.3     7.4     6.6     7.1     6.8     7.2     6.6     6.0     6.4     6.6     6.7     6.8     6.8     6.9     6.9
      Foreign [slaufr]                                          3.3     3.2     3.0     3.0     3.0     3.0     2.8     2.5     2.9     2.8     2.5     2.4     2.1     2.4     2.5     2.6     2.6     2.6     2.6     2.7
Income and Saving
  Nominal personal income (% change) [q_yp]                     6.4     8.6     8.1     7.4    11.6     5.8     3.7     6.2     8.6     5.3     5.0     3.3     4.7     6.3     5.9     6.9     7.9     6.2     6.1     6.5
  Real disposable income (% change) [q_yd82]                    7.3     2.7     4.9     2.3     4.2    -1.2     2.7     1.2     2.5     0.3    -0.7    -3.7     1.4     3.3     1.5     2.6     2.8     2.0     2.1     2.5
  Personal saving rate [svpyd]                                  4.0     4.1     4.5     4.1     5.2     4.6     4.1     4.6     4.9     5.0     4.2     4.0     5.2     5.1     4.8     4.8     4.8     4.7     4.6     4.6
  Corporate profits, IVA & CCAdj. (% change) [q_zbivca]         9.5     6.6    -1.7    19.5   -23.2    -7.0   -17.1   -19.1     8.4    13.9    -7.5   -12.8   -27.2    -0.7    32.3    23.2     9.6     0.7    -7.2     1.6
    Profit share of GNP [n_zbivca]                              7.0     7.0     6.8     7.0     6.4     6.2     5.9     5.5     5.5     5.6     5.5     5.3     4.8     4.8     5.0     5.2     5.2     5.2     5.0     5.0
  Federal surplus/deficit [defgf]                            -153.7  -136.9  -120.1  -156.3  -132.6  -122.7  -131.7  -150.1  -168.3  -166.0  -145.7  -175.7  -126.2  -124.6  -160.4  -174.4  -173.6  -162.3  -152.7  -151.5
  State and local surplus/deficit [defgsl]                     45.5    48.3    46.8    45.2    48.9    50.3    48.1    38.5    38.1    38.6    39.3    28.8    28.1    35.0    45.6    55.7    63.5    69.5    74.7    79.7
    Ex. social insurance funds [defsig]                       -15.6   -14.1   -17.0   -19.0   -16.2   -15.6   -18.7   -29.1   -30.2   -30.4   -30.5   -41.7   -43.2   -37.2   -27.5   -18.3   -11.4    -6.3    -2.0     2.1
Prices and Costs
  GNP implicit deflator (% change) [q_pgnp]                     2.7     4.4     4.7     4.7     3.9     3.9     3.2     3.8     4.8     4.7     3.7     2.8     4.5     3.7     3.5     3.3     3.6     3.0     2.9     2.8
  GNP fixed-weight price index (% change) [q_pgnp_fw]           3.9     4.7     5.5     4.4     4.9     4.6     3.1     3.8     6.6     3.9     4.2     4.7     4.7     3.5     3.7     3.5     4.0     3.4     3.3     3.2
    Cons.&fixed invest. prices (% change) [q_pcif_fw]           2.9     4.9     4.5     5.0     5.0     5.3     2.3     4.6     6.8     2.6     5.4     6.4     3.3     3.0     3.9     3.7     3.8     3.5     3.4     3.3
  CPI (% change) [q_cpi]                                        3.2     4.5     5.2     4.4     5.1     6.0     3.3     3.9     7.5     3.8     7.0     6.9     3.7     2.7     4.2     4.0     4.2     3.8     3.5     3.5
    Ex. food and energy (% change) [q_cpixfe]                   4.1     4.7     4.6     4.6     4.9     4.2     3.8     4.7     5.9     4.9     6.1     4.2     7.0     3.9     4.2     4.1     4.3     3.8     3.5     3.5
  ECI, hourly compensation (% change) [q_ecic]                  5.2     5.2     3.8     5.1     4.2     4.9     5.3     4.4     5.6     5.1     4.3     3.8     4.4     4.2     3.8     3.7     4.1     3.6     3.6     3.5
  Nonfarm business sector
    Output per hour (% change) [q_opm]                          4.7    -0.5     2.8     0.2    -2.7    -0.3    -1.0    -2.5    -1.3     0.3     0.6     0.3     1.4     1.3     1.7     1.9     1.7     1.7     1.2     1.1
    Compensation per hour (% change) [q_comphr]                 2.4     5.1     5.3     3.8     3.3     1.7     1.6     2.3     3.9     5.0     4.7     4.0     4.5     4.3     3.9     3.9     4.1     3.6     3.6     3.6
    Unit labor cost (% change) [q_ulcnf]                       -2.2     5.7     2.5     3.6     6.1     2.0     2.6     5.0     5.3     4.7     4.1     3.7     3.1     3.0     2.2     2.0     2.4     1.9     2.4     2.5



                                                                          Append the string '_1991_03_20' to [mnemonic] to create variable names


