


                                                                                              Greenbook Forecast January 1992


                                                               1989    1989    1989    1989    1990    1990    1990    1990    1991    1991    1991    1991    1992    1992    1992    1992    1993    1993    1993    1993
                                                                 Q1      Q2      Q3      Q4      Q1      Q2      Q3      Q4      Q1      Q2      Q3      Q4      Q1      Q2      Q3      Q4      Q1      Q2      Q3      Q4
                                                             ------  ------  ------  ------  ------  ------  ------  ------  ------  ------  ------  ------  ------  ------  ------  ------  ------  ------  ------  ------

Expenditures
  Nominal GDP [gdp]                                          5139.9  5218.5  5277.3  5340.4  5422.4  5504.7  5570.5  5557.5  5589.0  5652.6  5709.2  5736.6  5797.0  5866.2  5944.8  6027.3  6125.8  6214.8  6302.0  6388.0
  Real GDP [gdp87]                                           4809.8  4832.4  4845.6  4859.7  4880.8  4900.3  4903.3  4855.1  4824.0  4840.7  4862.7  4866.3  4871.4  4894.7  4930.3  4970.5  5016.4  5059.7  5102.3  5143.2
  Real GDP (% change) [q_gdp87]                                 2.5     1.9     1.1     1.2     1.7     1.6     0.2    -3.9    -2.5     1.4     1.8     0.3     0.4     1.9     2.9     3.3     3.7     3.5     3.4     3.2
  Gross domestic purchases (% change) [q_gdpexm87]              0.7     1.1     1.7     0.3     0.6     1.3     1.3    -6.5    -3.5     0.9     3.4    -1.6     0.3     2.2     2.9     3.2     3.5     3.5     3.3     3.1
  Final sales (% change) [q_sf87]                               0.8     2.1     2.7     0.4     4.6    -0.5     0.9    -0.3    -2.4     1.2    -0.7     0.1     1.4     1.5     2.4     2.9     3.4     3.2     3.2     3.1
  Private domestic final purchases (% change) [q_sfpexm87]     -0.4     0.4     3.1    -0.7     2.7    -1.5     2.5    -4.7    -4.8     0.8     1.9    -0.8     1.3     2.4     3.5     3.8     4.1     3.9     3.8     3.6
  Personal consumption expenditures (% change) [q_c87]         -0.2     1.0     4.1     0.1     2.1     0.0     2.8    -3.5    -1.3     1.4     2.3    -1.1     1.1     2.2     2.9     3.3     3.8     3.7     3.4     3.3
    Durables (% change) [q_cdtot87]                            -5.0     5.9    13.8   -15.5    16.7   -11.8     1.5   -14.0   -11.9    -1.8     9.5    -5.8    -0.3     7.3     8.7    10.8     9.7     8.4     7.3     7.1
    Nondurables (% change) [q_cn87]                             0.1    -1.4     3.1     1.5    -0.3    -1.5     1.3    -3.4    -0.3     0.9     0.0    -4.9    -0.2     0.9     1.6     1.8     2.3     2.5     2.3     2.2
    Services (% change) [q_cs87]                                0.8     1.2     2.3     3.6     0.3     4.1     4.1    -0.9     0.7     2.5     2.2     2.3     2.1     1.8     2.4     2.5     3.3     3.2     3.1     3.0
  Business fixed investment (% change) [q_ifixer87]             0.9     2.7     0.8    -2.5     7.1    -4.6     8.5    -7.7   -17.4    -3.3    -3.7    -2.4    -1.9     0.7     2.6     3.3     3.8     4.0     4.0     4.1
    Producers' durable equipment (% change) [q_ipde87]         -1.0     7.3    -2.5    -3.9     6.4    -3.2    11.5    -1.6   -18.1     0.0     6.7     0.6     2.3     5.0     7.1     7.6     7.6     7.1     6.5     6.0
    Nonresidential structures (% change) [q_icer87]             4.9    -6.2     8.0     0.4     8.5    -7.3     2.5   -19.7   -15.7   -10.3   -23.9    -9.4   -11.8   -10.1    -8.8    -8.0    -6.6    -4.7    -3.7    -1.9
  Residential structures (% change) [q_icr87]                  -5.9   -11.9    -5.6    -7.3     0.6   -15.7   -16.2   -15.0   -24.8     3.1    10.9    10.6    14.9    12.0    15.0    13.3     9.2     8.0     9.6     6.7
  Export (% change) [q_ex87]                                   12.4    17.2     0.9    13.7     8.8     4.8    -0.4    17.7    -7.4    19.4     7.3    15.4     2.1     5.6     5.8     6.2     6.9     7.2     7.1     7.2
  Imports (% change) [q_m87]                                   -6.1     6.9     6.8     4.0    -2.5     1.7     9.6    -9.3   -15.4    13.3    22.3    -2.0     0.7     8.2     5.7     5.2     4.8     6.8     6.2     6.2
  Government consumption and investment (% change) [q_gg87]    -3.4     5.2     4.1     0.7     6.4     2.2    -0.3     4.6     2.8    -0.1    -3.4    -5.9     1.1    -0.9    -1.9    -1.4    -1.0    -0.4     0.0     0.3
    Federal (% change) [q_gf87]                                -9.5     7.9     5.1    -7.2     5.9     4.3    -5.0     4.5     9.9     1.0    -8.1   -14.1     4.1    -1.2    -3.9    -3.8    -3.8    -2.9    -2.8    -2.2
      Defense (% change) [q_gfdef87]                          -12.8     5.6    10.1    -9.2     2.3     3.3    -7.9     5.9    10.9    -3.3    -8.9   -15.4    -3.4    -3.3    -7.1    -7.0    -6.9    -5.8    -5.4    -4.7
    State and local (% change) [q_gsl87]                        1.3     3.4     3.3     6.6     6.7     0.8     3.2     4.6    -1.9    -0.7    -0.1     0.1    -0.9    -0.8    -0.5     0.3     0.8     1.3     1.8     2.0
  Change in business inventories [cinv87]                      41.2    38.9    20.2    30.0    -4.0    22.1    13.9   -31.2   -32.8   -30.4     0.1     2.7    -9.4    -4.3     1.8     6.3    11.0    15.1    17.7    19.6
    Nonfarm [cinvef87]                                         35.8    33.4    25.9    38.1    -5.5    15.5     9.9   -25.7   -31.1   -30.8    -2.8     3.6    -9.6    -4.5     1.6     6.1    10.2    14.5    17.1    19.2
  Net exports [ex87m87]                                       -81.2   -71.9   -79.8   -70.0   -56.0   -52.5   -65.7   -31.2   -18.6   -12.3   -31.1    -8.3    -6.3   -10.0   -10.1    -8.8    -6.0    -5.5    -4.3    -3.0
  Nominal GDP (% change) [q_gdp]                                7.8     6.3     4.6     4.9     6.3     6.2     4.9    -0.9     2.3     4.6     4.1     1.9     4.3     4.9     5.5     5.7     6.7     5.9     5.7     5.6
Employment and Production
  Nonfarm payroll employment [payrlem]                        107.6   108.1   108.5   109.0   109.7   110.2   110.2   109.8   109.2   108.8   109.0   108.9   108.7   108.6   108.9   109.3   109.8   110.4   111.0   111.5
  Unemployment rate [ru]                                        5.2     5.2     5.3     5.4     5.2     5.3     5.6     6.0     6.5     6.7     6.8     6.9     7.1     7.3     7.3     7.2     7.1     7.0     6.8     6.7
  Industrial production index (% change) [q_jrfb]               2.7     2.8    -1.2     0.2     0.6     4.2     3.9    -7.0    -9.7     2.6     6.6    -0.5    -0.8     4.0     5.0     5.0     4.7     4.7     4.7     4.7
  Capacity utilization rate -- mfg [ucapmfg]                   84.7    84.5    83.7    82.9    82.7    82.8    82.9    80.8    78.0    77.9    78.7    78.3    77.5    77.7    78.0    78.4    78.7    79.0    79.3    79.6
  Housing starts [hs]                                           1.5     1.4     1.4     1.4     1.4     1.2     1.1     1.0     0.9     1.0     1.0     1.1     1.1     1.2     1.3     1.3     1.3     1.4     1.4     1.4
  Auto sales in U.S. [slau]                                    10.0    10.3    10.2     9.1     9.9     9.5     9.6     9.0     8.3     8.4     8.6     8.2     8.1     8.5     8.8     9.3     9.4     9.6     9.7     9.8
      Domestic [slauna]                                         7.1     7.3     7.4     6.6     7.1     6.8     7.1     6.6     6.1     6.1     6.3     6.1     6.0     6.3     6.5     6.8     6.9     7.0     7.0     7.1
      Foreign [slaufr]                                          3.0     3.0     2.8     2.5     2.8     2.7     2.5     2.4     2.3     2.3     2.3     2.1     2.1     2.2     2.3     2.5     2.5     2.6     2.7     2.8
Income and Saving
  Nominal GNP [gnp]                                          5144.3  5217.7  5279.8  5350.9  5432.7  5505.5  5576.8  5583.2  5611.7  5660.6  5720.1  5749.0  5812.9  5883.7  5963.7  6044.4  6145.0  6234.9  6324.3  6408.0
  Nominal GNP (% change) [q_gnp]                                7.3     5.8     4.8     5.5     6.3     5.5     5.3     0.5     2.1     3.5     4.3     2.0     4.5     5.0     5.6     5.5     6.8     6.0     5.9     5.4
  Nominal personal income (% change) [q_yp]                    10.8     4.5     3.7     7.8     9.8     6.6     5.7     3.9     0.3     4.5     2.7     3.3     4.4     4.6     5.4     6.7     7.5     6.1     6.0     6.3
  Real disposable income (% change) [q_yd87]                    3.6    -2.6     1.9     3.0     4.5     1.6     0.2    -2.0    -1.7     2.6     0.3     0.5     0.3     2.9     2.2     4.0     3.4     3.3     2.9     3.5
  Personal saving rate [svpyd]                                  5.2     4.3     3.7     4.4     5.0     5.4     4.8     5.2     5.1     5.5     5.0     5.4     5.3     5.4     5.3     5.4     5.3     5.2     5.1     5.2
  Corporate profits, IVA & CCAdj. (% change) [q_zbivca]       -12.2    -5.6   -16.6   -11.4     6.7    -0.5   -39.4    -4.8     8.4     1.9     3.5    12.4    30.6    20.8     9.1     9.1    18.8     9.9     4.2     8.2
    Profit share of GDP [n_zbivca]                              7.1     6.9     6.5     6.3     6.3     6.2     5.4     5.3     5.4     5.4     5.4     5.5     5.8     6.0     6.1     6.1     6.3     6.3     6.3     6.3
  Federal surplus/deficit [defgf]                            -114.5  -110.5  -128.4  -143.3  -160.8  -156.9  -149.7  -193.6  -146.4  -206.7  -210.2  -230.1  -252.3  -269.4  -261.6  -265.6  -261.2  -254.0  -243.6  -244.9
  State and local surplus/deficit [defgsl]                     42.4    45.1    42.6    34.4    30.3    28.5    26.1    18.0    20.4    27.6    31.8    39.2    39.5    44.2    53.2    55.9    63.1    65.3    71.3    73.4
    Ex. social insurance funds [defsig]                       -16.4   -14.8   -18.3   -27.4   -32.2   -34.9   -38.2   -46.9   -44.7   -38.0   -33.8   -26.0   -26.6   -22.8   -14.7   -12.9    -6.6    -5.3    -0.2     1.0
Prices and Costs
  GDP implicit deflator (% change) [q_pgdp]                     5.4     4.2     3.4     3.7     4.4     4.4     4.7     3.2     5.0     3.1     2.1     1.7     3.8     2.9     2.5     2.3     2.9     2.4     2.2     2.3
  GDP fixed-weight price index (% change) [q_pgdp_fw]            NA      NA      NA      NA      NA      NA      NA      NA      NA      NA      NA      NA      NA      NA      NA      NA      NA      NA      NA      NA
  CPI (% change) [q_cpi]                                        5.1     6.0     3.3     3.9     7.5     3.8     7.0     6.9     3.6     2.1     3.0     3.0     3.5     3.5     3.4     3.2     3.1     2.8     2.8     2.7
    Ex. food and energy (% change) [q_cpixfe]                   4.9     4.2     3.8     4.7     5.9     4.9     6.1     4.2     6.8     3.5     4.0     3.7     4.1     3.4     3.2     3.0     3.1     2.8     2.7     2.6
  ECI, hourly compensation (% change) [q_ecic]                  4.2     4.9     5.3     4.4     5.6     5.1     4.3     3.8     4.6     4.9     4.1     4.0     4.0     3.8     3.7     3.5     3.4     3.4     3.3     3.2
  Nonfarm business sector
    Output per hour (% change) [q_opm]                         -2.8    -2.0    -1.3    -0.3     1.0     2.1    -2.5    -0.3     0.1     1.9     0.9    -0.5     1.6     2.3     2.5     2.4     2.2     2.0     1.7     1.6
    Compensation per hour (% change) [q_comphr]                 3.4     1.1     2.5     4.5     6.0     8.1     5.6     4.4     2.7     4.6     2.7     2.5     4.3     3.6     3.6     3.5     3.7     3.4     3.3     3.2
    Unit labor cost (% change) [q_ulcnf]                        6.4     3.2     3.8     4.8     5.0     5.9     8.4     4.7     2.7     2.6     1.9     3.0     2.7     1.3     1.1     1.1     1.5     1.4     1.6     1.6



                                                                          Append the string '_1992_01_30' to [mnemonic] to create variable names


