


                                                                                                 Greenbook Forecast September 1994


                                                                       1992    1992    1992    1992    1993    1993    1993    1993    1994    1994    1994    1994    1995    1995    1995    1995    1996    1996    1996    1996
                                                                         Q1      Q2      Q3      Q4      Q1      Q2      Q3      Q4      Q1      Q2      Q3      Q4      Q1      Q2      Q3      Q4      Q1      Q2      Q3      Q4
                                                                     ------  ------  ------  ------  ------  ------  ------  ------  ------  ------  ------  ------  ------  ------  ------  ------  ------  ------  ------  ------

Expenditures
  Nominal GDP [gdp]                                                  5896.8  5971.3  6043.6  6169.3  6235.9  6299.9  6359.2  6478.1  6574.7  6685.5  6764.4  6858.0  6940.7  7008.8  7082.1  7158.0  7242.6  7325.7  7407.9  7491.0
  Real GDP [gdp87]                                                   4918.5  4947.5  4990.5  5060.7  5075.3  5105.4  5139.4  5218.0  5261.1  5310.2  5350.1  5387.7  5413.0  5435.2  5460.1  5487.2  5517.4  5549.4  5581.0  5613.5
  Real GDP (% change) [q_gdp87]                                         3.1     2.4     3.5     5.7     1.2     2.4     2.7     6.3     3.3     3.8     3.0     2.8     1.9     1.7     1.8     2.0     2.2     2.3     2.3     2.3
  Gross domestic purchases (% change) [q_gdpexm87]                      3.2     3.7     3.9     5.7     2.7     3.3     4.0     5.8     5.0     4.4     2.6     2.4     2.0     1.6     1.8     2.0     2.1     2.2     2.2     2.3
  Final sales (% change) [q_sf87]                                       4.8     1.5     3.5     5.6     0.2     2.4     3.2     6.4     2.2     1.4     3.8     3.7     2.1     2.0     2.1     2.3     2.2     2.4     2.3     2.4
  Private domestic final purchases (% change) [q_sfpexm87]              5.7     4.2     3.9     6.7     3.5     3.7     5.3     7.4     5.8     2.8     3.5     3.7     2.7     2.4     2.5     2.6     2.5     2.6     2.6     2.6
  Personal consumption expenditures (% change) [q_c87]                  5.8     1.7     3.9     5.6     1.6     2.6     3.9     4.0     4.7     1.4     2.8     2.9     2.5     1.8     1.9     1.9     2.0     2.1     2.1     2.1
    Durables (% change) [q_cdtot87]                                    15.5     0.4    10.0    13.2     3.2     9.8     7.7    15.5     8.8     1.2     5.1     4.8     3.8     2.3     2.6     2.7     2.8     3.1     3.2     3.2
    Nondurables (% change) [q_cn87]                                     4.2    -0.7     2.7     6.9    -1.6     1.6     2.8     2.4     3.8     2.1     2.8     2.6     2.1     1.2     1.4     1.4     1.4     1.4     1.4     1.4
    Services (% change) [q_cs87]                                        4.5     3.4     3.2     3.0     3.1     1.4     3.6     2.0     4.0     1.0     2.3     2.6     2.4     2.0     2.0     2.0     2.1     2.2     2.2     2.2
  Business fixed investment (% change) [q_ifixer87]                    -0.1    15.0     5.0     7.5    15.1    15.6    12.2    21.1    10.9     9.2     7.8    11.9     7.1     7.1     5.6     5.5     4.9     4.9     4.9     5.0
    Producers' durable equipment (% change) [q_ipde87]                 -1.3    22.7    11.0    12.9    20.0    21.6    16.2    27.5    18.6     6.5     8.5    14.0     7.5     7.2     5.4     5.4     5.1     5.2     5.2     5.3
    Nonresidential structures (% change) [q_icer87]                     2.9    -1.6    -8.9    -5.5     2.5     0.3     0.5     3.3   -11.8    19.6     5.3     5.0     5.7     6.4     6.3     5.7     4.0     4.0     3.9     3.9
  Residential structures (% change) [q_icr87]                          22.4    22.7     0.8    23.8     5.3    -7.6     9.4    28.2    10.0     7.3     2.3    -6.9    -7.2    -2.6     2.1     5.0     3.1     3.3     2.7     3.2
  Export (% change) [q_ex87]                                            6.1     1.5     5.3     7.2    -1.0     7.7    -3.2    21.7    -3.5    15.8     7.5     8.4     7.3     7.4     7.8     8.2     8.8     9.2     9.2     9.4
  Imports (% change) [q_m87]                                            6.6    13.0     8.4     6.5    11.6    14.9     7.4    16.0     9.5    18.9     3.5     4.4     7.5     6.6     6.9     7.1     7.3     7.1     7.8     8.0
  Government consumption and investment (% change) [q_gg87]             1.5    -3.0     3.4     0.9    -5.9     1.2     1.1    -0.1    -4.9    -1.6     2.2     1.0    -0.3    -0.1    -0.1     0.2     0.4     0.3     0.5     0.9
    Federal (% change) [q_gf87]                                        -1.3    -4.8     8.6     1.1   -15.4    -3.6    -3.0    -5.0   -10.3    -8.8    -1.0    -1.9    -5.2    -4.8    -4.9    -4.2    -3.6    -3.9    -3.2    -2.3
      Defense (% change) [q_gfdef87]                                   -7.2    -5.1    11.5    -3.3   -20.0    -2.2    -9.2    -3.6   -16.0    -6.2    -2.6    -1.6    -7.0    -6.8    -6.7    -5.7    -4.7    -5.3    -4.3    -3.7
    State and local (% change) [q_gsl87]                                3.3    -1.8     0.1     0.8     0.9     4.4     3.7     2.9    -1.4     2.9     4.0     2.7     2.5     2.5     2.5     2.6     2.5     2.4     2.4     2.5
  Change in business inventories [cinv87]                              -6.3     4.2     5.2     6.6    18.5    18.9    13.0    10.8    25.4    56.3    47.1    36.4    34.5    30.4    27.6    24.3    24.1    23.8    23.6    23.4
    Nonfarm [cinvef87]                                                -14.3    -1.9     1.8     6.3    19.7    22.8    20.9    10.7    22.1    51.8    40.5    28.7    28.8    25.9    25.1    21.8    21.6    21.4    21.2    21.0
  Net exports [ex87m87]                                               -17.9   -34.1   -38.9   -38.5   -57.6   -69.3   -86.3   -82.2  -104.0  -112.9  -107.7  -102.7  -104.9  -105.2  -105.4  -105.4  -104.6  -102.9  -102.3  -101.9
  Nominal GDP (% change) [q_gdp]                                        7.1     5.2     4.9     8.6     4.4     4.2     3.8     7.7     6.1     6.9     4.8     5.6     4.9     4.0     4.3     4.4     4.8     4.7     4.6     4.6
Employment and Production
  Nonfarm payroll employment [payrlem]                                108.1   108.4   108.7   109.1   109.7   110.3   110.8   111.4   112.0   113.0   113.8   114.4   114.8   115.0   115.4   115.7   116.1   116.4   116.8   117.2
  Unemployment rate [ru]                                                7.3     7.5     7.5     7.3     7.0     7.0     6.7     6.5     6.6     6.2     6.1     6.0     6.1     6.2     6.2     6.3     6.3     6.3     6.3     6.3
  Industrial production index (% change) [q_jrfb]                       0.3     5.6     0.6     6.4     5.2     2.3     2.8     6.7     8.3     5.2     5.5     3.9     2.4     2.2     2.9     2.8     3.0     3.1     3.1     3.1
  Capacity utilization rate -- mfg [ucapmfg]                           77.9    78.7    78.5    79.4    80.1    80.3    80.3    81.5    82.5    83.3    84.0    84.3    84.0    83.6    83.5    83.5    83.4    83.4    83.4    83.4
  Housing starts [hs]                                                   1.2     1.2     1.2     1.2     1.2     1.2     1.3     1.5     1.4     1.4     1.4     1.4     1.3     1.3     1.4     1.4     1.4     1.4     1.5     1.5
  Light motor vehicle sales [slmv]                                     12.5    12.8    12.7    13.2    13.2    14.1    13.7    14.5    15.5    14.8    14.6    15.1    15.1    15.1    15.1    15.2    15.2    15.3    15.3    15.3
    Auto sales in U.S. [slau]                                           8.3     8.4     8.2     8.4     8.3     8.9     8.7     9.0     9.5     9.2     9.0     9.3     9.2     9.2     9.2     9.2     9.2     9.2     9.2     9.2
      Nort American produced [slauna]                                   6.1     6.3     6.3     6.4     6.4     6.9     6.7     7.1     7.4     7.2     7.1     7.4     7.6     7.6     7.6     7.6     7.6     7.6     7.6     7.7
      Other [slaufr]                                                    2.2     2.2     2.0     2.0     2.0     2.1     2.0     1.9     2.0     2.0     2.0     1.8     1.6     1.6     1.6     1.6     1.6     1.6     1.6     1.6
Income and Saving
  Nominal GNP [gnp]                                                  5907.7  5979.1  6049.4  6167.0  6243.9  6303.3  6367.8  6476.2  6574.0  6680.3  6761.0  6847.8  6930.5  6991.5  7067.8  7137.9  7222.3  7302.7  7389.8  7467.6
  Nominal GNP (% change) [q_gnp]                                        6.8     4.9     4.8     8.0     5.1     3.9     4.2     7.0     6.2     6.6     4.9     5.2     4.9     3.6     4.4     4.0     4.8     4.5     4.9     4.3
  Nominal personal income (% change) [q_yp]                             8.2     5.6     3.7    15.3    -5.8     8.6     2.4     6.7     5.3     7.0     4.7     7.3     6.9     5.0     4.5     6.0     6.2     4.8     4.4     5.6
  Real disposable income (% change) [q_yd87]                            5.9     2.1     1.7    10.6    -7.4     4.7     0.8     4.3     3.4     2.7     2.0     4.0     2.9     1.0     2.2     3.1     3.8     0.9     2.0     2.7
  Personal saving rate [svpyd]                                          5.3     5.5     5.0     6.2     4.0     4.6     3.9     4.0     3.6     3.9     3.7     3.9     4.0     3.8     3.9     4.2     4.6     4.3     4.3     4.4
  Corporate profits, IVA & CCAdj. (% change) [q_zbivca]                18.8     0.5   -40.0   101.1     9.6    30.7    18.4    37.0   -17.9    34.5     4.0    -0.2    -3.8    -5.5     2.9    -2.9     4.6     5.8     9.1     3.1
    Profit share of GDP [n_zbivca]                                      7.0     6.9     6.0     7.0     7.1     7.5     7.7     8.2     7.7     8.2     8.2     8.1     7.9     7.7     7.7     7.6     7.6     7.6     7.6     7.6
  Federal surplus/deficit [defgf]                                    -279.9  -284.8  -293.9  -272.1  -283.5  -237.0  -224.9  -220.1  -176.2  -145.0  -144.2  -169.9  -167.0  -158.6  -158.4  -181.7  -195.7  -181.5  -182.6  -204.4
  State and local surplus/deficit [defgsl]                             19.9    25.9    20.4    33.1    21.6    25.3    23.9    34.5    25.2    25.7    28.4    33.5    35.2    35.2    36.4    37.8    40.9    44.0    50.2    52.7
    Ex. social insurance funds [defsig]                               -45.7   -40.5   -46.3   -33.8   -44.7   -41.1   -42.4   -31.7   -40.7   -40.1   -37.1   -31.7   -29.7   -29.4   -27.9   -26.4   -23.2   -20.0   -13.8   -11.3
Prices and Costs
  GDP implicit deflator (% change) [q_pgdp]                             3.8     2.7     1.4     2.7     3.2     1.7     1.1     1.3     2.7     3.0     1.7     2.7     3.0     2.3     2.4     2.3     2.5     2.3     2.2     2.2
  GDP fixed-weight price index (% change) [q_pgdp_fw]                   3.9     3.3     2.7     2.8     4.2     2.4     2.0     2.4     3.1     2.9     2.6     3.2     3.5     2.8     2.8     2.8     3.2     2.8     2.8     2.8
  Gross domestic purchases f-w price index (% change) [q_pgdexm_fw]     3.6     3.4     3.2     2.5     3.3     2.6     1.6     2.4     2.5     3.3     3.0     3.1     3.6     2.8     2.8     2.8     3.1     2.8     2.7     2.7
  CPI (% change) [q_cpi]                                                2.6     3.5     2.9     3.5     2.8     3.1     2.0     3.1     1.9     2.8     3.8     3.3     3.7     3.2     3.1     3.0     3.0     3.0     3.0     3.0
    Ex. food and energy (% change) [q_cpixfe]                           3.7     3.6     3.0     3.6     3.5     3.5     2.4     2.9     2.6     3.4     3.0     3.6     3.5     3.2     3.2     3.2     3.2     3.2     3.1     3.1
  ECI, hourly compensation (% change) [q_ecic]                          3.6     3.2     3.2     3.5     3.9     3.8     3.4     3.4     2.7     3.7     4.5     2.7     3.6     3.6     4.2     3.1     3.6     3.6     3.5     3.5
  Nonfarm business sector
    Output per hour (% change) [q_opm]                                  4.2     1.9     2.8     3.9    -1.8     0.5     4.1     4.9     2.9    -2.5     1.2     0.7     1.0     1.2     1.0     1.1     1.3     1.4     1.3     1.4
    Compensation per hour (% change) [q_comphr]                         5.7     4.6     5.8     4.6     2.2     2.5     2.8     2.4     6.1     0.8     3.7     3.7     3.9     3.6     3.6     3.6     3.9     3.6     3.5     3.5
    Unit labor cost (% change) [q_ulcnf]                                1.4     2.6     3.0     0.6     4.2     2.0    -1.2    -2.4     3.1     3.4     2.5     3.0     2.9     2.4     2.6     2.5     2.6     2.1     2.1     2.0



                                                                              Append the string '_1994_09_21' to [mnemonic] to create variable names


