


                                                                                               Greenbook Forecast January 1996


                                                                  1993    1993    1993    1993    1994    1994    1994    1994    1995    1995    1995    1995    1996    1996    1996    1996    1997    1997    1997    1997
                                                                    Q1      Q2      Q3      Q4      Q1      Q2      Q3      Q4      Q1      Q2      Q3      Q4      Q1      Q2      Q3      Q4      Q1      Q2      Q3      Q4
                                                                ------  ------  ------  ------  ------  ------  ------  ------  ------  ------  ------  ------  ------  ------  ------  ------  ------  ------  ------  ------

Expenditures
  Nominal GDP [gdp]                                             6442.8  6503.2  6571.3  6683.7  6772.8  6885.0  6987.6  7080.0  7147.8  7196.5  7297.2  7379.2  7456.8  7539.5  7624.6  7717.2  7805.1  7893.8  7976.0  8071.4
  Real GDP [gdp92_cw]                                           6327.0  6353.7  6390.4  6463.9  6504.6  6581.5  6639.5  6691.3  6701.6  6709.4  6763.2  6795.0  6808.6  6842.9  6876.1  6918.4  6951.5  6987.8  7015.7  7056.4
  Real GDP (% change) [q_gdp92_cw]                                 0.0     1.7     2.3     4.7     2.5     4.8     3.6     3.2     0.6     0.5     3.2     1.9     0.8     2.0     2.0     2.5     1.9     2.1     1.6     2.3
  Gross domestic purchases (% change) [q_gdpexm92_cw]              0.9     2.4     3.7     4.4     3.4     5.4     3.6     2.7     1.4     0.9     2.5     1.8     1.0     2.0     2.5     2.2     1.8     2.1     2.1     2.2
  Final sales (% change) [q_sf92_cw]                              -0.8     1.5     2.3     4.8     1.2     2.8     4.2     3.6     0.7     1.8     3.5     1.5     1.4     2.5     1.5     2.6     2.1     2.1     1.6     2.4
  Private domestic final purchases (% change) [q_sfpexm92_cw]      1.4     2.8     4.4     5.4     3.7     4.5     3.6     4.1     2.1     2.6     2.7     1.4     1.6     2.4     2.0     2.3     2.0     2.1     2.1     2.2
  Personal consumption expenditures (% change) [q_c92_cw]          0.7     2.7     3.8     2.8     2.6     3.6     2.5     3.3     0.8     3.4     2.9     1.8     2.3     2.6     2.4     2.4     2.4     2.4     2.4     2.4
    Durables (% change) [q_cdtot92_cw]                             0.8    11.2     7.3    10.2     5.8     4.3     5.6    12.6    -8.7     7.0     9.5     5.7     1.4     5.6     3.2     3.0     3.1     3.1     3.3     3.1
    Nondurables (% change) [q_cn92_cw]                            -0.9     2.3     2.9     1.7     3.8     3.3     4.0     3.2     2.4     1.9     0.5    -0.1     2.8     2.2     2.2     2.2     2.2     2.2     2.2     2.2
    Services (% change) [q_cs92_cw]                                1.6     1.3     3.6     1.9     1.4     3.6     1.2     1.4     2.1     3.4     2.7     2.0     2.3     2.2     2.3     2.3     2.3     2.3     2.3     2.3
  Business fixed investment (% change) [q_ifixer92_cw]             6.0     6.3     4.7    17.5     7.3     7.1    13.7    12.2    15.3     3.6     5.3     7.1    -1.0     3.6     3.2     3.3     3.4     3.4     3.2     3.6
    Producers' durable equipment (% change) [q_ipde92_cw]          7.1    11.4     6.3    21.7    15.6     4.1    19.3    11.9    17.4     3.7     5.2     7.2    -1.5     3.1     3.1     3.3     4.0     4.5     4.2     4.8
    Nonresidential structures (% change) [q_icer92_cw]             3.5    -5.3     0.8     7.5   -11.8    15.7     0.2    13.0     9.9     3.4     5.6     6.8     0.3     5.2     3.5     3.3     1.4     0.3     0.3    -0.1
  Residential structures (% change) [q_icr92_cw]                   2.1    -5.1    13.2    24.3    12.8    12.7    -1.8    -0.1    -6.3   -13.3     8.4     3.5     3.3     3.9     0.9     1.3     0.8     0.9     0.8     0.8
  Export (% change) [q_ex92_cw]                                    0.4     7.9    -7.9    21.5    -0.6    14.8    12.2    15.3     2.6     4.6     8.3    10.6     4.8     9.8     2.2    10.5     6.7     8.8     0.7     8.7
  Imports (% change) [q_m92_cw]                                    9.6    14.5     4.9    17.0     7.5    19.1    11.0     9.3     8.7     7.7     1.2     8.5     5.6     8.6     6.2     7.2     5.0     8.1     4.4     6.8
  Government consumption and investment (% change) [q_gg92_cw]    -4.7     0.2     1.0     1.5    -4.2    -0.8     7.0    -1.4    -1.1     0.9    -0.4    -4.0     0.0     0.7     0.2     1.5    -0.2     0.8     0.8     1.2
    Federal (% change) [q_gf92_cw]                               -13.1    -4.9    -2.9    -0.7   -11.1    -5.3    11.5    -5.9    -6.3    -1.1    -5.5   -15.9    -3.7    -1.9    -3.3     0.3    -4.8    -2.4    -2.5    -1.7
      Defense (% change) [q_gfdef92_cw]                          -15.6    -5.2    -5.8    -0.5   -17.0     0.7    13.3   -16.1    -7.0     0.9    -7.5    -4.2    -5.6    -5.1    -3.6     1.3    -6.2    -2.7    -2.8    -1.7
    State and local (% change) [q_gsl92_cw]                        1.7     3.9     3.8     3.0     0.7     2.2     4.2     1.6     2.3     2.1     2.8     3.7     2.2     2.2     2.2     2.1     2.5     2.5     2.5     2.7
  Change in business inventories [cinv92_cw]                      19.4    21.6    20.1    18.0    40.8    75.1    64.9    57.9    54.5    30.6    27.1    34.2    23.5    16.3    24.4    23.4    20.4    20.1    20.3    19.8
    Nonfarm [cinvef92_cw]                                         26.0    26.7    30.9    22.1    29.8    54.1    50.1    53.3    58.1    33.8    31.9    36.5    24.8    15.1    20.7    20.7    17.7    17.4    17.6    17.1
  Net exports [ex92m92_cw]                                       -55.2   -67.0   -89.1   -86.2  -101.3  -112.2  -113.3  -105.8  -119.0  -126.8  -114.1  -112.7  -115.6  -115.8  -125.6  -121.4  -119.4  -120.2  -129.5  -127.6
  Nominal GDP (% change) [q_gdp]                                   3.8     3.8     4.3     7.0     5.4     6.8     6.1     5.4     3.9     2.8     5.7     4.6     4.3     4.5     4.6     4.9     4.6     4.6     4.2     4.9
Employment and Production
  Nonfarm payroll employment [payrlem]                           109.7   110.4   111.0   111.8   112.7   113.6   114.5   115.3   116.1   116.4   116.8   117.2   117.5   117.9   118.1   118.5   118.7   119.0   119.2   119.5
  Unemployment rate [ru]                                           7.0     7.0     6.7     6.5     6.6     6.2     6.0     5.6     5.5     5.7     5.6     5.6     5.6     5.6     5.6     5.6     5.6     5.6     5.6     5.6
  Industrial production index (% change) [q_jrfb]                  3.7     0.5     3.2     5.5     8.4     7.0     4.6     6.4     3.9    -1.4     3.2     0.8     0.1     2.9     3.0     3.4     3.7     3.3     2.5     3.0
  Capacity utilization rate -- mfg [ucapmfg]                      80.6    80.3    80.4    81.1    82.2    83.2    83.4    84.3    82.9    82.6    82.6    82.0    81.4    81.4    81.3    81.4    81.6    81.8    81.7    81.8
  Housing starts [hs]                                              1.2     1.3     1.3     1.5     1.4     1.4     1.5     1.5     1.3     1.3     1.4     1.4     1.4     1.4     1.4     1.4     1.4     1.4     1.4     1.4
  Light motor vehicle sales [slmv]                                13.2    14.1    13.7    14.5    15.5    14.8    14.7    15.4    14.9    14.4    14.7    15.1    14.5    14.6    14.5    14.5    14.5    14.6    14.6    14.6
  Income and Saving
  Nominal GNP [gnp]                                             6458.4  6512.3  6584.8  6684.5  6773.6  6876.3  6977.6  7062.2  7140.5  7187.0  7281.3  7360.5  7446.2  7525.0  7611.6  7699.8  7788.8  7873.7  7958.1  8046.5
  Nominal GNP (% change) [q_gnp]                                   4.3     3.4     4.5     6.2     5.4     6.2     6.0     4.9     4.5     2.6     5.4     4.4     4.7     4.3     4.7     4.7     4.7     4.4     4.4     4.5
  Nominal personal income (% change) [q_yp]                       -5.7     8.8     2.9     8.3    -3.3    13.6     4.2     6.5     7.1     4.5     4.7     5.1     6.5     4.4     4.9     5.1     5.7     4.8     4.8     5.2
  Real disposable income (% change) [q_yd92]                      -8.1     5.2     1.1     5.0    -5.3    10.1     2.1     4.0     3.6     0.0     3.6     3.3     3.4     0.4     3.5     2.3     3.0     2.0     2.2     2.3
  Personal saving rate [svpyd]                                     4.2     4.8     4.2     4.7     2.8     4.2     4.1     4.2     4.8     4.0     4.1     4.5     4.7     4.2     4.5     4.5     4.6     4.5     4.5     4.5
  Corporate profits, IVA & CCAdj. (% change) [q_zbivca]           -1.2    22.9    19.7    42.2   -37.5    84.7    14.5    14.6    -6.4     1.1    43.8    -2.0    -2.6     4.0     4.6     3.5     2.2     2.3     2.8     0.3
    Profit share of GDP [n_zbivca]                                 6.6     6.9     7.1     7.7     6.7     7.7     7.9     8.1     7.8     7.8     8.4     8.3     8.2     8.1     8.1     8.1     8.1     8.0     8.0     7.9
  Federal surplus/deficit [defgf]                               -283.7  -249.2  -253.5  -232.4  -212.9  -169.9  -186.3  -190.4  -173.3  -160.5  -158.4  -142.6  -158.7  -140.7  -163.7  -173.2  -177.2  -184.5  -195.2  -203.3
  State and local surplus/deficit [defgsl]                        80.5    89.1    94.9   115.0    94.8   105.2    99.6    99.3    99.0    99.0    92.8    79.4    80.8    83.0    82.8    84.9    86.8    88.7    86.3    89.0
    Ex. social insurance funds [defsig]                           13.3    22.0    28.1    48.5    29.0    41.1    37.9    39.4    40.2    40.9    34.7    21.7    23.5    26.1    26.2    28.6    30.8    32.9    30.7    13.6
Prices and Costs
  GDP implicit deflator (% change) [q_pgdp]                        3.8     2.1     1.9     2.2     2.8     1.9     2.4     2.2     3.2     2.3     2.4     2.6     3.4     2.4     2.6     2.4     2.7     2.5     2.6     2.5
  CPI (% change) [q_cpi]                                           3.1     2.8     1.7     3.4     2.2     2.5     3.6     2.2     3.2     3.2     2.1     2.3     3.3     3.0     3.0     2.9     2.9     2.9     2.9     2.9
    Ex. food and energy (% change) [q_cpixfe]                      3.5     3.5     2.4     2.9     2.9     2.9     3.1     2.3     3.3     3.6     2.5     2.7     2.6     2.8     2.9     2.9     3.0     3.0     3.0     1.0
  ECI, hourly compensation (% change) [q_ecic]                     4.2     3.5     3.4     3.4     3.0     3.4     3.3     2.6     2.3     2.9     2.3     2.7     2.7     2.8     2.8     2.9     3.1     3.1     3.1     3.1
  Nonfarm business sector
    Output per hour (% change) [q_opm_cw]                         -3.5    -1.7     2.0     1.9    -3.2     2.6     2.5     0.6    -1.1     3.0     1.6     0.9     0.4    -0.2     1.0     2.0     1.3     1.5     1.0     1.5
    Compensation per hour (% change) [q_comphr]                    1.9     2.4     1.5     1.6     4.9     1.4     2.7     3.8     4.1     3.7     3.1     3.4     3.8     3.5     3.6     3.5     3.7     3.5     3.5     3.6
    Unit labor cost (% change) [q_ulcnf]                           4.1     2.0    -1.3    -2.5     3.1     2.8     0.0    -0.4     1.6    -1.2     1.1     2.5     3.4     3.7     2.6     1.5     2.4     2.0     2.5     2.1



                                                                            Append the string '_1996_01_26' to [mnemonic] to create variable names


