


                                                                                                  Greenbook Forecast January 1997


                                                                        1994    1994    1994    1994    1995    1995    1995    1995    1996    1996    1996    1996    1997    1997    1997    1997    1998    1998    1998    1998
                                                                          Q1      Q2      Q3      Q4      Q1      Q2      Q3      Q4      Q1      Q2      Q3      Q4      Q1      Q2      Q3      Q4      Q1      Q2      Q3      Q4
                                                                      ------  ------  ------  ------  ------  ------  ------  ------  ------  ------  ------  ------  ------  ------  ------  ------  ------  ------  ------  ------

Expenditures
  Nominal GDP [gdp]                                                   6776.0  6890.5  6993.1  7083.2  7149.8  7204.9  7309.8  7350.6  7426.8  7545.1  7616.3  7726.8  7814.0  7908.8  7994.6  8085.1  8177.3  8267.6  8359.9  8456.4
  Real GDP [gdp92_cw]                                                 6508.5  6587.6  6644.9  6693.9  6701.0  6713.5  6776.4  6780.7  6814.3  6892.6  6928.4  6988.4  7017.8  7060.3  7102.9  7145.9  7184.0  7221.1  7258.2  7295.0
  Real GDP (% change) [q_gdp92_cw]                                       2.5     4.9     3.5     3.0     0.4     0.7     3.8     0.3     2.0     4.7     2.1     3.5     1.7     2.4     2.4     2.4     2.2     2.1     2.1     2.0
  Gross domestic purchases (% change) [q_gdpexm92_cw]                    3.5     5.3     3.7     2.5     1.4     0.7     2.6    -0.7     3.0     5.2     3.3     1.8     3.0     2.9     3.3     2.4     2.4     2.3     2.5     1.6
  Final sales (% change) [q_sf92_cw]                                     1.2     3.0     4.2     3.5     0.6     2.1     3.6     1.4     3.0     4.1     0.5     3.8     1.3     2.9     2.2     2.6     2.0     2.1     2.1     2.4
  Private domestic final purchases (% change) [q_sfpexm92_cw]            3.9     4.4     3.8     4.0     2.3     2.3     3.0     1.4     4.7     4.1     2.3     2.2     3.6     3.8     3.4     3.0     2.8     2.8     2.8     2.6
  Personal consumption expenditures (% change) [q_c92_cw]                2.8     3.5     2.8     3.1     1.0     3.1     2.4     1.1     3.5     3.4     0.5     3.0     3.5     3.4     3.1     2.7     2.4     2.3     2.2     2.2
    Durables (% change) [q_cdtot92_cw]                                   5.8     4.3     5.6    12.4    -8.9     7.0     9.3    -1.0     8.2    11.4    -2.6     3.7     5.9     6.1     4.6     4.4     3.3     3.0     2.9     2.4
    Nondurables (% change) [q_cn92_cw]                                   3.9     3.2     3.8     3.2     2.4     1.8     0.5    -0.4     3.7     1.3     0.4     1.6     3.2     3.2     3.1     2.4     2.1     2.1     2.1     2.0
    Services (% change) [q_cs92_cw]                                      1.6     3.5     1.6     1.2     2.4     3.0     2.0     2.3     2.4     2.7     1.3     3.6     3.2     2.9     2.7     2.5     2.3     2.3     2.2     2.2
  Business fixed investment (% change) [q_ifixer92_cw]                   7.3     7.1    13.8    12.2    15.4     3.5     4.9     2.5    11.6     3.8    17.5     2.7     6.0     6.9     6.0     6.0     6.0     6.3     6.1     6.3
    Producers' durable equipment (% change) [q_ipde92_cw]               15.5     4.1    19.4    11.9    17.4     3.5     4.3     3.0    13.1     6.7    20.9    -2.0     6.2     7.7     6.4     6.5     6.8     7.1     7.2     7.5
    Nonresidential structures (% change) [q_icer92_cw]                 -11.8    15.7     0.2    13.0     9.9     3.4     6.3     1.0     7.7    -3.7     8.4    17.1     5.6     5.0     5.0     4.5     3.9     4.0     3.1     3.0
  Residential structures (% change) [q_icr92_cw]                        12.8    12.7    -1.8    -0.1    -6.3   -13.4     9.2     6.4     7.4    16.3    -5.2    -8.3    -6.6     1.5    -1.6     0.2    -1.0    -1.0     0.0     0.3
  Export (% change) [q_ex92_cw]                                         -1.5    15.9     9.7    16.5     2.6     5.9    10.7    10.7     1.8     5.6    -0.9    22.6     1.8     7.3     2.1    11.4     4.3     9.2     2.9    12.3
  Imports (% change) [q_m92_cw]                                          8.2    18.4    10.7    10.3    11.2     4.5     0.0     1.6    10.6     9.9     9.3     5.7    11.6     9.9     8.2     9.6     5.9     9.5     5.8     7.7
  Government consumption and investment (% change) [q_gg92_cw]          -4.3    -0.8     7.0    -1.4    -1.2     0.8    -0.6    -4.3     1.6     7.7    -0.6     1.5    -2.0     1.3     1.7     0.7    -0.2     0.0     1.3    -0.7
    Federal (% change) [q_gf92_cw]                                     -11.4    -5.3    11.5    -5.9    -6.5    -1.4    -5.6   -13.2     6.0     9.4    -3.5    -1.8    -9.4    -0.7     0.1    -2.7    -4.8    -4.5    -0.6    -6.2
      Defense (% change) [q_gfdef92_cw]                                -17.4     0.7    13.5   -16.1    -7.4     0.6    -7.6   -12.3     4.1    10.0    -5.5    -1.3   -13.5    -0.6     0.7     0.7    -5.6    -6.2    -0.3    -5.5
    State and local (% change) [q_gsl92_cw]                              0.7     2.2     4.2     1.6     2.3     2.1     2.7     1.5    -0.9     6.7     1.1     3.5     2.6     2.4     2.5     2.6     2.4     2.5     2.3     2.4
  Change in business inventories [cinv92_cw]                            40.5    74.5    64.5    56.1    54.5    30.5    33.0    14.6    -3.0     7.1    34.5    29.5    36.4    28.4    31.8    28.5    31.9    32.3    32.9    26.5
    Nonfarm [cinvef92_cw]                                               29.7    54.0    50.5    53.0    57.4    33.7    38.6    19.0     2.9    11.7    34.6    27.6    34.3    25.9    28.8    25.2    28.2    28.3    28.6    22.2
  Net exports [ex92m92_cw]                                             -99.3  -107.3  -111.7  -104.3  -122.5  -121.4  -101.6   -84.9  -104.0  -114.7  -137.4  -108.1  -131.2  -139.7  -155.3  -155.2  -160.8  -165.2  -174.0  -167.3
  Nominal GDP (% change) [q_gdp]                                         5.3     6.9     6.1     5.3     3.8     3.1     6.0     2.3     4.2     6.5     3.8     5.9     4.6     4.9     4.4     4.6     4.6     4.5     4.5     4.7
Employment and Production
  Nonfarm payroll employment [payrlem]                                 112.6   113.7   114.7   115.6   116.5   117.0   117.4   117.9   118.5   119.3   120.0   120.5   121.1   121.6   122.1   122.5   122.9   123.3   123.8   124.2
  Unemployment rate [ru]                                                 6.6     6.2     6.0     5.6     5.5     5.6     5.7     5.6     5.6     5.4     5.3     5.3     5.2     5.1     5.1     5.1     5.1     5.0     5.0     5.0
  Industrial production index (% change) [q_jrfb]                        6.2     6.7     4.4     5.6     3.9    -0.7     3.2     0.8     1.6     6.2     3.3     3.8     2.9     3.0     2.6     3.1     3.3     2.9     2.7     3.3
  Capacity utilization rate -- mfg [ucapmfg]                            82.0    83.0    83.3    84.0    84.2    83.1    82.9    82.3    81.7    82.1    82.3    82.2    82.3    82.2    82.2    82.2    82.3    82.3    82.4    82.4
  Housing starts [hs]                                                    1.4     1.5     1.5     1.5     1.3     1.3     1.4     1.4     1.5     1.5     1.5     1.4     1.4     1.4     1.4     1.4     1.3     1.3     1.3     1.3
  Light motor vehicle sales [slmv]                                      15.1    14.9    15.0    15.2    14.6    14.4    15.0    14.9    15.2    15.1    15.0    14.7    14.9    15.0    14.9    14.9    14.9    14.9    14.9    14.9
    North American produced [slmvna]                                    12.9    12.7    12.8    13.1    12.5    12.5    13.2    13.1    13.5    13.4    13.3    13.0    13.2    13.3    13.2    13.2    13.1    13.1    13.1    13.1
    Other [slmvfr]                                                       2.1     2.2     2.2     2.1     2.0     2.0     1.9     1.8     1.7     1.7     1.7     1.7     1.8     1.8     1.8     1.8     1.8     1.8     1.8     1.8
Income and Saving
  Nominal GNP [gnp]                                                   6781.0  6888.3  6987.0  7071.4  7146.8  7202.4  7293.4  7344.3  7426.6  7537.5  7598.9  7714.0  7800.5  7889.9  7972.2  8059.6  8152.0  8238.2  8329.4  8426.0
  Nominal GNP (% change) [q_gnp]                                         5.4     6.5     5.9     4.9     4.3     3.1     5.1     2.8     4.6     6.1     3.3     6.2     4.6     4.7     4.2     4.5     4.7     4.3     4.5     4.7
  Nominal personal income (% change) [q_yp]                             -3.4    13.3     4.9     6.7     7.1     4.7     4.9     5.8     4.8     6.8     5.7     5.4     5.0     5.0     4.6     4.4     5.1     4.7     4.6     5.1
  Real disposable income (% change) [q_yd92]                            -5.4     9.7     2.9     4.2     3.7     0.3     4.3     4.4     2.0     1.3     4.8     2.6     4.1     2.7     2.7     1.9     3.6     1.7     1.5     2.0
  Personal saving rate [svpyd]                                           2.7     4.0     4.1     4.3     4.9     4.1     4.5     5.2     4.8     4.3     5.3     5.3     5.4     5.2     5.1     4.9     5.2     5.0     4.8     4.8
  Corporate profits, IVA & CCAdj. (% change) [q_zbivca]                -35.4    82.5    14.8    13.5    -7.4     1.7    40.8    -0.5    23.6     6.8     3.3    -5.0    14.5     1.3    -0.7    -0.7     2.3    -0.3     2.7     0.3
    Profit share of GDP [n_zbivca]                                       6.8     7.8     7.9     8.1     7.8     7.8     8.4     8.3     8.7     8.7     8.7     8.5     8.7     8.6     8.5     8.4     8.3     8.2     8.2     8.1
      ex. FR banks [n_zbivcaxfed]                                        6.5     7.5     7.7     7.8     7.5     7.5     8.1     8.0     8.4     8.4     8.4     8.2     8.4     8.3     8.2     8.1     8.1     8.0     7.9     7.9
  Federal surplus/deficit [defgf]                                     -212.7  -169.6  -188.5  -190.1  -172.6  -161.1  -158.5  -154.5  -155.2  -126.7  -120.8  -104.8  -135.1  -128.9  -126.8  -119.2  -120.1  -111.6  -104.4   -98.4
  State and local surplus/deficit [defgsl]                              94.8   105.2    99.6    99.3    99.0    99.0    93.9    88.1    91.0   101.0    89.2    90.1    92.2    90.5    87.9    82.4    81.2    80.2    79.2    75.2
    Ex. social insurance funds [defsig]                                 29.0    41.1    37.9    39.4    40.2    40.9    35.8    30.5    34.1    44.6    33.8    35.0    37.3    35.8    33.4    28.1    27.1    26.3    25.5    21.7
Prices and Costs
  GDP implicit deflator (% change) [q_pgdp]                              2.8     1.9     2.5     2.2     3.4     2.4     2.1     2.0     2.2     1.8     1.7     2.4     2.8     2.4     1.9     2.1     2.4     2.4     2.4     2.6
  GDP chain-weight price index (% change) [q_pgdp_cw]                    2.9     1.9     2.4     2.1     3.3     2.4     2.1     2.1     2.3     2.2     2.0     2.5     3.2     2.7     2.2     2.3     2.8     2.7     2.8     2.9
  Gross Domestic Purchases c-w price index (% change) [q_pgdpexm_cw]     2.4     2.3     3.0     2.0     2.8     2.8     1.6     1.9     2.3     2.1     1.9     2.6     2.7     2.0     1.9     2.3     2.8     2.7     2.7     2.8
  CPI (% change) [q_cpi]                                                 1.9     2.8     3.6     2.4     2.7     3.5     2.1     2.4     3.2     3.9     2.3     3.1     3.1     2.3     2.3     2.8     2.9     2.9     3.0     3.1
    Ex. food and energy (% change) [q_cpixfe]                            2.9     2.9     3.1     2.3     3.3     3.3     2.8     2.7     2.7     2.7     2.4     2.7     2.3     2.8     3.0     3.1     3.2     3.2     3.2     3.3
  ECI, hourly compensation (% change) [q_ecic]                           3.0     3.4     3.3     2.3     2.9     2.9     2.6     2.6     2.9     3.2     2.5     3.1     3.5     3.3     3.7     3.6     3.7     3.7     3.8     3.8
  Nonfarm business sector
    Output per hour (% change) [q_opm]                                  -1.8     1.0     1.7     0.4    -2.3     1.5     1.8    -1.2     1.9     0.6    -0.3     0.8     0.1     0.9     1.2     1.1     1.0     0.8     0.8     0.7
    Compensation per hour (% change) [q_comphr]                          2.9     1.3     1.8     3.3     2.9     4.0     3.7     4.0     3.4     3.9     3.4     4.5     3.8     3.4     3.6     3.7     3.7     3.7     3.7     3.7
    Unit labor cost (% change) [q_ulcnf]                                 4.9     0.3     0.1     2.9     5.3     2.5     1.9     5.2     1.5     3.3     3.7     3.6     3.7     2.5     2.4     2.5     2.6     2.8     2.9     3.0



                                                                               Append the string '_1997_01_29' to [mnemonic] to create variable names


