,month,year,lagged_infl,lagged_unemp,market_exp,target_change,ord_policy
8,2,1989,59.277,5.3,0.3157142857142858,0.0,4
9,3,1989,59.778999999999996,5.2,0.2493625000000348,0.0,4
10,5,1989,60.001999999999995,5.0,0.044553571443949766,0.0,4
11,7,1989,60.622,5.2,-0.3557554945054887,0.0,4
12,8,1989,60.9,5.2,-0.06125010333576503,0.0,4
13,10,1989,60.907,5.2,-0.13118226600984914,0.0,4
14,11,1989,61.28100000000001,5.3,0.0815126050355004,0.0,4
15,12,1989,61.415,5.4,0.2995604406116304,0.0,4
16,2,1990,61.593,5.4,-0.030194805194818906,0.0,4
17,3,1990,62.333,5.3,0.07600000000000691,0.0,4
18,5,1990,62.56800000000001,5.2,0.040672268909724016,0.0,4
19,7,1990,62.84,5.4,-0.05009852216749434,0.0,4
20,8,1990,63.273999999999994,5.5,0.04688313528798423,0.0,4
21,10,1990,63.695,5.7,-0.09457142857142684,0.0,4
22,11,1990,64.453,5.9,0.002698412697793001,0.0,4
23,12,1990,64.53399999999999,6.2,0.5777551029681294,0.0,4
24,2,1991,64.595,6.3,0.10807453416144283,0.0,4
25,3,1991,64.873,6.6,0.5592996000000147,0.0,4
26,5,1991,64.887,6.8,0.017698412699943166,0.0,4
27,7,1991,65.274,6.9,0.1111822660098528,0.0,4
28,8,1991,65.487,6.8,0.08523809776876541,0.0,4
29,10,1991,65.639,6.9,-0.019999999999996017,0.0,4
30,11,1991,65.98899999999999,7.0,-0.08917582417581618,0.0,4
31,12,1991,66.133,7.0,0.13104761925259995,0.0,4
32,2,1992,66.29899999999999,7.3,-0.04548571428571056,0.0,4
33,3,1992,66.557,7.4,0.5899999999999997,0.0,4
34,5,1992,66.718,7.4,-0.07890109662350411,0.0,4
35,7,1992,66.987,7.6,-0.0799999999999983,0.0,4
36,8,1992,67.328,7.7,-0.036734692462171405,0.0,4
37,10,1992,67.418,7.6,-0.12324175824176065,0.0,4
38,11,1992,67.767,7.3,0.13214285850941368,0.0,4
39,12,1992,67.9,7.4,0.3344286220420069,0.0,4
40,2,1993,68.018,7.4,0.04510989010989277,0.0,4
41,3,1993,68.28699999999999,7.1,0.10825393701108764,0.0,4
42,5,1993,68.42699999999999,7.0,0.016734695536937124,0.0,4
43,7,1993,68.821,7.1,0.034342857142865814,0.0,4
44,8,1993,68.954,6.9,0.06828571475035032,0.0,4
45,9,1993,69.072,6.8,0.04771460626599145,0.0,4
46,11,1993,69.14399999999999,6.7,0.0654285717428933,0.0,4
47,12,1993,69.493,6.6,0.17519481209663967,0.0,4
48,2,1994,69.509,6.5,0.16114285714285967,0.25,5
49,3,1994,69.693,6.6,0.3092858070770105,0.25,5
50,5,1994,69.885,6.5,0.33390476264270125,0.5,6
51,7,1994,70.069,6.1,0.2503296703296663,0.0,4
52,8,1994,70.462,6.1,0.3445535715246533,0.5,6
53,9,1994,70.623,6.0,0.2968724999999708,0.0,4
54,11,1994,70.702,5.9,0.7279464288520062,0.75,7
55,12,1994,70.957,5.6,0.34404760449624355,0.0,4
56,2,1995,71.003,5.5,0.4599999999999938,0.5,6
57,3,1995,71.27199999999998,5.4,0.09394749999999123,0.0,4
58,5,1995,71.404,5.4,0.034444444444461784,0.0,4
59,7,1995,71.702,5.6,-0.24439560439560296,-0.25,3
60,8,1995,71.862,5.7,-0.010285748028015634,0.0,4
61,9,1995,72.017,5.7,0.04800000000000005,0.0,4
62,11,1995,72.066,5.6,-0.032053571443938826,0.0,4
63,12,1995,72.251,5.6,0.00043956061474839664,-0.25,3
64,1,1996,72.39,5.6,0.525000000000089,-0.25,3
65,3,1996,72.551,5.6,0.2729831333333071,0.0,4
66,5,1996,72.884,5.5,0.01746752326510364,0.0,4
67,7,1996,73.229,5.6,0.05975369458128136,0.0,4
68,8,1996,73.383,5.5,0.06577380446246811,0.0,4
69,9,1996,73.453,5.1,0.19857455285715275,0.0,4
70,11,1996,73.66,5.2,0.06603174603327773,0.0,4
71,12,1996,74.015,5.4,0.1281428575664809,0.0,4
72,2,1997,74.1,5.4,0.03625000000000611,0.0,4
73,3,1997,74.352,5.2,0.2722547171428492,0.25,5
74,5,1997,74.43,5.2,0.11446428887764255,0.0,4
75,7,1997,74.469,4.9,0.016428571428568475,0.0,4
76,8,1997,74.609,4.9,0.002252747077548239,0.0,4
77,9,1997,74.669,4.8,0.8900000000000671,0.0,4
78,11,1997,74.84899999999998,4.9,0.07999999999998926,0.0,4
79,12,1997,74.95,4.6,0.13553571446636348,0.0,4
80,2,1998,74.934,4.7,-0.03388571428572077,0.0,4
81,3,1998,74.932,4.6,0.8900000000001607,0.0,4
82,5,1998,74.944,4.7,0.03010989046029097,0.0,4
83,7,1998,75.14,4.4,0.019999999999996017,0.0,4
84,8,1998,75.262,4.5,-0.019183672005210987,0.0,4
85,9,1998,75.366,4.5,0.03250000000006847,-0.25,3
86,11,1998,75.322,4.6,-0.14306122229351995,-0.25,3
87,12,1998,75.491,4.4,0.1462856889789789,0.0,4
88,2,1999,75.567,4.4,-0.02071428571429209,0.0,4
89,3,1999,75.687,4.4,0.1989999999999644,0.0,4
90,5,1999,75.74600000000002,4.2,0.03954081759548545,0.0,4
91,6,1999,76.134,4.2,0.83000000000003,0.25,5
92,8,1999,76.15,4.3,0.2292864172500089,0.25,5
93,10,1999,76.486,4.2,0.0516137566137586,0.0,4
94,11,1999,76.876,4.1,0.1328571433901002,0.25,5
95,12,1999,76.943,4.1,-0.1165584323559936,0.0,4
96,2,2000,77.128,4.0,0.30627551020408394,0.25,5
97,3,2000,77.597,4.1,0.26590910701337483,0.25,5
98,5,2000,77.928,4.0,0.3902678572735425,0.5,6
99,6,2000,77.906,4.0,0.0655333333333395,0.0,4
100,8,2000,78.161,4.0,0.02935712598601373,0.0,4
101,10,2000,78.34,4.1,-0.01766009852216259,0.0,4
102,11,2000,78.78699999999998,3.9,0.02133928572197356,0.0,4
103,12,2000,78.888,3.9,-0.12769230769232245,0.0,4
104,1,2001,78.991,3.9,0.870000000000122,-0.5,2
105,3,2001,79.348,4.2,-0.536130959972965,-0.5,2
106,5,2001,79.462,4.3,-0.3873529411840658,-0.5,2
107,6,2001,79.818,4.3,-0.14893749999997405,-0.25,3
108,8,2001,79.962,4.5,-0.2588961292028039,-0.25,3
109,10,2001,79.929,4.9,-0.4504523809523829,-0.5,2
110,11,2001,79.952,5.3,-0.3951428571428496,-0.5,2
111,12,2001,79.903,5.5,-0.26295918367353033,-0.25,3
112,1,2002,79.819,5.7,0.06550000000006137,0.0,4
113,3,2002,79.87899999999998,5.7,0.07939560369481667,0.0,4
114,5,2002,80.233,5.7,0.0017999999999943669,0.0,4
115,6,2002,80.637,5.8,0.06400000000003071,0.0,4
116,8,2002,80.735,5.8,-0.05680451127811083,0.0,4
117,9,2002,81.048,5.7,-0.026531058571430986,0.0,4
118,11,2002,81.191,5.7,-0.27291428571428544,-0.5,2
119,12,2002,81.423,5.9,-0.018961038961039463,0.0,4
120,1,2003,81.494,6.0,0.04426666666666075,0.0,4
121,3,2003,81.71600000000002,5.8,-0.070051020115341,0.0,4
122,5,2003,82.227,5.9,-0.04956043956044698,0.0,4
123,6,2003,81.95299999999997,6.1,-0.29454116666663244,-0.25,3
124,8,2003,82.03,6.3,0.020071428571478374,0.0,4
127,10,2003,82.773,6.1,0.03562250000000433,0.0,4
128,12,2003,82.76700000000002,6.0,0.011273291925459122,0.0,4
129,1,2004,83.064,5.7,-0.005834999999964757,0.0,4
130,3,2004,83.412,5.7,0.005223214304922757,0.0,4
131,5,2004,83.74600000000002,5.8,0.018469387755097644,0.0,4
132,6,2004,84.17200000000003,5.6,0.2099999999998804,0.25,5
133,8,2004,84.415,5.6,0.21987012987015245,0.25,5
134,9,2004,84.546,5.4,0.2080001180979813,0.25,5
135,11,2004,84.714,5.4,0.24013605442179306,0.25,5
136,12,2004,85.40299999999998,5.4,0.2165476190531468,0.25,5
137,2,2005,85.446,5.4,0.2513227513227516,0.25,5
138,3,2005,85.791,5.4,0.22850017714698434,0.25,5
139,5,2005,86.038,5.2,0.2483251231527095,0.25,5
140,6,2005,86.30799999999998,5.1,0.32999999999989865,0.25,5
141,8,2005,86.35700000000001,5.0,0.2303416149068516,0.25,5
142,9,2005,87.069,4.9,0.2198701574774651,0.25,5
143,11,2005,87.905,5.0,0.25499999999999545,0.25,5
144,12,2005,87.85,5.0,0.2130075187990841,0.25,5
145,1,2006,87.851,4.9,0.0600000000000343,0.25,5
146,3,2006,88.279,4.7,0.2256024999999528,0.25,5
147,5,2006,88.473,4.7,0.2648701298701272,0.25,5
148,6,2006,89.07,4.6,0.3410000000000764,0.25,5
149,8,2006,89.285,4.6,0.05059523809524607,0.0,4
150,9,2006,89.885,4.7,0.01974025053781803,0.0,4
151,10,2006,89.646,4.5,0.02346894142857129,0.0,4
152,12,2006,89.428,4.4,-0.021250000000000782,0.0,4
153,1,2007,89.789,4.4,-0.02499999999985737,0.0,4
154,3,2007,90.109,4.6,-0.0022077899071818517,0.0,4
155,5,2007,90.715,4.4,-0.000776397515524194,0.0,4
156,6,2007,91.16,4.4,0.0020333333333332907,0.0,4
157,8,2007,91.352,4.6,-0.03197142857143562,0.0,4
158,9,2007,91.55799999999999,4.6,-0.3772527458511566,-0.5,2
159,10,2007,91.90100000000001,4.7,-0.3199999999999969,-0.25,3
160,12,2007,92.162,4.7,-0.3527551020408517,-0.25,3
161,1,2008,92.855,5.0,7.459500000000102,-0.5,2
162,3,2008,93.102,5.0,-0.9751530627374768,-0.75,1
163,4,2008,93.587,5.1,-0.4299999999998451,-0.25,3
164,6,2008,93.785,5.0,0.10165451666664406,0.0,4
165,8,2008,94.876,5.6,0.014365079365080009,0.0,4
166,9,2008,95.204,6.1,-0.2282857134111109,0.0,4
167,10,2008,95.307,6.1,0.7462333333332993,-0.5,2
